index;x;y;z
0;-0.050140;1.004593;0.063065
1;-0.062378;0.985382;0.057053
2;-0.057907;1.006439;0.050034
3;-0.073853;0.992325;0.068222
4;-0.073898;1.009491;0.063477
5;-0.072708;0.980743;0.045044
6;-0.081329;1.002319;0.064285
7;-0.080231;0.986084;0.061050
8;-0.086517;0.997391;0.063538
9;-0.074799;0.996826;0.060242
10;-0.080246;0.999481;0.072906
11;-0.058044;1.001999;0.062531
12;-0.066254;1.000504;0.061615
13;-0.071701;1.001205;0.070160
14;-0.074524;0.985580;0.061707
15;-0.067612;1.007919;0.080444
16;-0.073868;0.970825;0.040619
17;-0.052231;1.025055;0.040298
18;-0.137268;0.990952;0.044983
19;-0.117065;0.964294;0.034592
20;-0.175446;1.012329;0.047165
21;-0.005310;1.003571;0.027878
22;0.037354;1.010742;0.002411
23;0.096298;1.025574;0.009064
24;0.074356;1.010391;-0.003342
25;0.078171;0.997787;-0.001068
26;0.023285;0.991501;0.018311
27;0.012741;0.999786;0.036560
28;0.005310;0.989685;0.031494
29;0.002289;1.005020;0.033768
30;-0.035751;0.982788;0.048096
31;-0.033783;1.006042;0.058472
32;-0.039932;1.020111;0.125793
33;0.061172;1.012482;0.161530
34;0.074478;1.071426;0.082611
35;0.009674;0.999130;0.092651
36;-0.083267;1.008759;0.174377
37;0.094040;1.030182;0.050598
38;0.109650;1.015594;-0.093048
39;0.020187;1.043991;-0.136414
40;-0.235703;0.845856;-0.045303
41;-0.119995;0.972076;0.089310
42;-0.262604;0.920807;0.259094
43;-0.254089;0.864090;0.313782
44;-0.193787;0.813217;0.440506
45;0.058380;0.695953;0.537918
46;-0.071793;1.306229;0.226959
47;0.176544;0.821609;0.208771
48;0.257660;1.352707;0.274811
49;0.283646;1.070801;0.294510
50;0.000336;0.953308;0.239395
51;-0.114319;0.883392;0.359467
52;-0.012024;0.978867;0.283890
53;-0.396500;0.837570;0.347290
54;-0.083191;0.972198;0.376633
55;-0.000977;1.106064;0.360123
56;0.107346;1.256317;0.361786
57;-0.266205;1.725037;0.192108
58;-1.032410;1.718353;0.441620
59;0.199951;1.415237;0.304169
60;0.606552;0.204895;0.691071
61;0.009689;0.238205;-0.093216
62;-0.272751;0.464386;0.144318
63;0.141632;0.853760;-0.124527
64;-0.049332;1.323517;0.351791
65;0.513046;2.124969;0.417206
66;2.072861;1.095230;0.222061
67;0.139526;0.879181;0.564575
68;1.306458;1.564301;0.212952
69;0.807053;0.579803;0.899719
70;-0.140091;1.151093;0.501755
71;0.261932;1.067368;0.306305
72;0.144760;1.003448;0.291122
73;0.067780;0.963104;0.284042
74;-0.035934;0.951157;0.243149
75;-0.007980;0.961914;0.229202
76;-0.018967;1.097458;0.231033
77;-0.250992;1.219421;0.535126
78;-0.254150;2.141571;0.397339
79;-0.769745;1.344528;0.947220
80;0.133698;1.010147;-0.005569
81;0.105957;0.201706;0.507233
82;-0.001129;0.524734;0.004288
83;0.284042;0.552536;0.151993
84;0.035599;0.739975;0.106247
85;-0.046814;1.544449;0.569565
86;0.646149;1.859726;0.336304
87;1.981171;1.227493;0.403290
88;0.361740;1.024963;0.693665
89;0.865356;1.371796;-0.150436
90;0.598648;0.412781;0.650269
91;0.013580;1.250488;0.381287
92;0.304367;1.126297;0.283524
93;0.034073;0.977570;0.392288
94;-0.118988;0.938354;0.287964
95;-0.130539;0.822861;0.283478
96;0.037827;0.942108;0.362900
97;-0.028625;0.974487;0.263580
98;-0.079590;0.888870;0.410995
99;0.211716;1.560425;0.304077
100;-0.894058;2.077484;0.279922
101;0.200867;1.360245;0.515320
102;0.970718;0.201126;0.606476
103;-0.174469;0.150223;0.146271
104;0.041824;0.459839;0.060165
105;0.211746;0.894150;-0.090042
106;-0.343002;1.044891;0.449219
107;0.474686;1.800308;0.107376
108;0.499802;1.681915;0.644135
109;0.989685;0.225952;0.281769
110;0.181396;1.210754;0.224716
111;1.191574;1.793488;1.371887
112;0.278732;1.164551;0.240646
113;-0.331238;1.062027;0.613968
114;-0.496323;0.879807;0.448700
115;-0.321518;0.884537;0.446548
116;-0.137299;0.939865;0.295090
117;0.018188;0.945282;0.357376
118;0.020966;0.938721;0.332870
119;-0.029663;0.918701;0.343521
120;-0.056961;1.026871;0.377975
121;0.010712;1.649490;0.330215
122;-0.877594;2.257294;0.172638
123;0.042755;1.203110;0.572845
124;0.372559;0.465256;0.389221
125;0.283371;0.232727;0.242233
126;-0.113617;0.311127;0.045517
127;0.126434;0.581802;0.181107
128;-0.132919;1.011581;0.241501
129;0.153320;2.147598;0.510391
130;0.352264;1.925903;0.626740
131;0.059708;1.200058;0.637680
132;1.009201;1.106232;0.324631
133;-0.105484;1.453033;-0.246902
134;-0.309891;0.250931;0.685913
135;-0.384674;0.640457;0.113144
136;0.138794;1.077728;0.077927
137;-0.148361;0.993942;0.231842
138;-0.029114;0.923874;0.368469
139;-0.000504;0.976562;0.313553
140;-0.063080;0.919754;0.337906
141;0.054153;0.974426;0.298416
142;-0.097153;0.964783;0.382339
143;-0.017166;1.016479;0.341492
144;-0.007401;1.668976;0.258163
145;-1.068695;2.029358;0.227234
146;0.141190;1.242355;0.496811
147;0.513123;0.447632;0.496185
148;0.279938;0.312057;0.087555
149;-0.164749;0.496841;0.141434
150;0.158020;0.594772;0.195755
151;0.001419;0.987213;0.353653
152;0.418442;1.810638;0.409042
153;0.334793;1.716995;0.670151
154;1.207947;0.559555;-0.131317
155;-0.024216;0.957230;0.173920
156;0.520309;1.061066;-0.329697
157;-0.452835;0.937515;0.534790
158;-0.562119;0.783417;0.345444
159;0.030228;1.022156;0.091248
160;-0.047012;0.972534;0.234848
161;-0.222733;0.904831;0.360794
162;-0.040176;0.958984;0.316132
163;0.078018;0.964005;0.322586
164;-0.033112;0.966949;0.343246
165;-0.048477;1.018616;0.356705
166;0.039307;0.958740;0.266525
167;0.097580;1.765030;0.177933
168;-1.222290;1.926239;0.336136
169;0.190155;1.291351;0.450668
170;0.598434;0.447754;0.452408
171;0.192108;0.359131;0.179733
172;-0.113022;0.498566;-0.068954
173;0.065720;0.665359;0.125885
174;-0.022339;1.016541;0.085220
175;0.427917;1.679260;0.212540
176;0.429321;1.754868;0.544479
177;1.572510;0.185852;-0.103668
178;0.994064;0.838348;0.669159
179;-1.367401;0.764099;-0.156021
180;-0.121445;1.180435;0.853149
181;-0.421692;0.784378;0.384613
182;0.281418;1.112045;0.022278
183;-0.258347;0.882126;0.313049
184;-0.062241;0.934174;0.431641
185;-0.061859;1.004959;0.252136
186;0.017502;0.901855;0.343246
187;-0.028519;0.994080;0.280273
188;-0.096191;1.085648;0.297531
189;-0.067535;1.284882;0.297699
190;-0.383957;2.562729;-0.259689
191;-0.403839;1.208527;0.887985
192;0.494003;0.752029;0.268692
193;0.440430;0.221313;0.201965
194;-0.140244;0.214951;0.139755
195;0.045334;0.566727;0.036621
196;0.028381;0.949265;0.123108
197;0.291702;1.785568;0.451263
198;0.605972;1.745193;0.684448
199;1.476685;0.587097;-0.004761
200;0.002121;1.019180;0.355347
201;1.315582;1.785156;0.659775
202;0.003952;0.949966;0.192108
203;0.227753;1.324448;0.084412
204;-0.076492;0.974487;0.313507
205;-0.253693;0.869705;0.419205
206;-0.171631;0.977997;0.217880
207;0.065903;1.007401;0.264420
208;0.020844;1.015106;0.238968
209;-0.040894;0.982712;0.232178
210;-0.122253;0.911972;0.351227
211;0.002762;1.490082;0.485275
212;-0.650177;2.181152;0.075531
213;-0.060760;1.377106;0.799454
214;0.965454;0.498581;0.491730
215;-0.109238;0.398453;0.107758
216;0.289124;0.271622;0.290741
217;0.017502;0.633713;0.086914
218;-0.015671;0.955872;0.418839
219;0.500183;1.787918;0.394287
220;0.295975;1.896713;0.645630
221;1.551422;0.093964;-0.136948
222;-1.383072;1.663483;-1.223145
223;0.805405;1.555862;0.832870
224;0.267929;1.157043;0.487991
225;0.053696;1.109467;0.241486
226;0.037415;1.019287;0.385880
227;-0.125946;0.938660;0.283249
228;-0.016479;0.951843;0.289169
229;0.016754;0.972687;0.267197
230;-0.050919;0.995422;0.232056
231;-0.144958;1.007111;0.346634
232;-0.060791;1.025375;0.285263
233;0.014755;1.566498;0.396561
234;-0.817856;1.877319;0.198044
235;-0.210251;1.466293;0.690826
236;0.577744;0.415237;0.397797
237;-0.171066;0.297653;0.024811
238;0.320450;0.509354;0.031784
239;0.042435;0.657272;0.154633
240;0.044037;1.124390;0.335358
241;0.534958;1.966690;0.324081
242;0.422791;1.828064;0.548767
243;1.262573;1.146088;0.451462
244;-1.082382;1.572418;0.197250
245;0.887833;1.975754;0.315506
246;0.383026;0.892563;0.688202
247;-0.050659;1.081085;0.390350
248;0.238159;1.078827;0.278641
249;0.058807;0.944275;0.415833
250;0.053375;1.014191;0.270889
251;0.097305;0.916885;0.346115
252;0.077194;0.857559;0.304611
253;-0.142792;0.944107;0.437515
254;-0.205521;0.989914;0.348831
255;0.197784;1.397934;0.450912
256;-0.369812;2.069977;0.048462
257;-0.612595;1.526611;1.027878
258;0.196777;0.987564;0.177170
259;0.273331;0.269806;0.297348
260;-0.066879;0.364914;0.110168
261;-0.015549;0.491547;0.126266
262;0.092987;0.920349;0.204803
263;-0.013229;1.641388;0.654755
264;0.595154;1.857758;0.618362
265;1.709717;-0.442398;-0.224731
266;1.053986;0.531967;0.426727
267;-0.377899;1.430115;-0.693481
268;-0.439316;0.568405;0.712158
269;0.287460;1.359146;0.143814
270;0.236755;0.944672;0.395416
271;-0.054199;0.991898;0.384613
272;-0.067917;0.900620;0.325912
273;-0.118637;0.955307;0.362381
274;-0.086838;0.879227;0.302505
275;0.042145;0.972931;0.359421
276;-0.068924;1.037064;0.316849
277;-0.083206;1.038620;0.417908
278;-0.098877;1.716415;0.315277
279;-1.110535;1.646362;0.577026
280;0.153198;1.382538;0.211563
281;0.667160;0.278381;0.494400
282;-0.508209;0.420044;0.018478
283;0.300995;0.543137;0.152588
284;0.018570;0.720062;0.213516
285;0.077072;1.322922;0.403763
286;0.503235;1.929260;0.431412
287;1.149063;1.508850;0.377884
288;0.130676;1.579102;0.698837
289;-1.555099;1.893585;-1.117523
290;0.100327;1.329895;0.037033
291;0.221893;1.397263;0.051758
292;0.150696;0.971786;0.453339
293;-0.060349;1.033691;0.311676
294;-0.121323;0.904968;0.422440
295;-0.017563;0.920868;0.313278
296;-0.102554;0.908524;0.314682
297;-0.073929;0.966400;0.358948
298;-0.171768;1.034683;0.351471
299;-0.156799;1.183578;0.497498
300;-0.138062;1.637970;0.291992
301;-0.756516;1.623154;0.229843
302;0.108429;1.421021;0.447647
303;1.041016;0.264465;0.666534
304;-0.095642;0.312149;0.031052
305;0.000519;0.451996;0.085571
306;0.184723;0.863998;-0.132156
307;-0.168381;1.108521;0.308365
308;0.426987;2.113327;0.262817
309;0.396500;1.664459;0.797012
310;1.014816;0.925476;0.382233
311;-1.276337;1.747833;-0.206268
312;0.997833;2.147217;0.851440
313;0.113892;1.147583;0.858475
314;0.061218;1.088623;0.335892
315;0.093918;0.994827;0.301743
316;-0.158661;0.909561;0.411148
317;-0.160461;0.913757;0.304428
318;-0.104523;0.869446;0.339584
319;0.012604;0.980026;0.350998
320;0.009262;1.018021;0.286331
321;-0.092728;1.107483;0.309570
322;-0.152802;1.572739;0.485977
323;-0.781174;2.051498;-0.033249
324;-0.036713;1.379089;0.584747
325;0.374481;0.744644;0.169586
326;0.108276;0.351273;0.433075
327;0.168289;0.292694;0.008774
328;-0.088440;0.472092;0.091965
329;0.143814;0.992599;0.074890
330;0.231812;1.846924;0.416473
331;0.449860;1.900223;0.638321
332;1.796143;-0.245056;-0.207901
333;-0.383636;0.590897;0.418777
334;1.662888;2.182709;0.775635
335;-0.220108;0.524811;1.126465
336;0.045059;1.262314;0.216751
337;0.172470;1.061249;0.303131
338;-0.209351;0.918762;0.363861
339;-0.174911;0.901459;0.273483
340;-0.161072;0.888168;0.336456
341;-0.039413;1.004898;0.332901
342;-0.103928;0.999634;0.287445
343;-0.039749;0.985916;0.305252
344;0.132355;1.521881;0.383820
345;-0.476578;2.079346;-0.134109
346;-0.347321;1.324371;0.737305
347;0.383377;0.804993;0.173386
348;0.200363;0.368500;0.136612
349;-0.222504;0.430038;0.058807
350;0.132919;0.548325;0.105484
351;0.058884;0.863113;0.142014
352;0.214569;1.857025;0.397842
353;0.336456;1.980240;0.720337
354;1.939850;-0.154205;-0.166290
355;0.123749;0.653564;0.165848
356;1.194321;1.757950;1.213242
357;0.392197;1.285614;0.504959
358;0.089828;1.059601;0.308212
359;0.120087;1.036865;0.387512
360;-0.004379;0.980820;0.292465
361;-0.173721;0.931564;0.303650
362;-0.184311;0.854111;0.336823
363;-0.039917;0.988235;0.316895
364;0.044327;1.011215;0.257797
365;-0.081390;0.952835;0.235977
366;-0.035629;1.478683;0.547836
367;-0.810226;2.180237;0.135345
368;0.068100;1.581543;0.489273
369;0.933456;0.471832;0.562653
370;-0.139374;0.387741;0.070908
371;0.031418;0.410080;-0.021530
372;0.128662;0.726486;-0.032898
373;0.006058;0.989365;0.305389
374;0.299423;2.005066;0.419724
375;0.525436;1.618073;0.981216
376;1.284882;-0.288956;0.482941
377;-0.943161;1.440323;-0.514526
378;1.096542;2.125565;0.478729
379;0.424927;1.475342;0.422882
380;-0.038818;0.953796;0.441772
381;0.109207;1.030319;0.345505
382;0.030853;0.967407;0.298065
383;0.058105;0.965622;0.267365
384;-0.004028;0.945450;0.275665
385;-0.054459;0.981888;0.304901
386;-0.208496;0.975525;0.334824
387;-0.115494;1.202805;0.427643
388;-0.213104;1.911438;0.143570
389;-1.404816;1.538849;0.787659
390;0.073135;1.379913;0.463058
391;0.575729;0.352234;0.514435
392;-0.149063;0.197159;0.097702
393;0.172104;0.441132;0.125870
394;0.092545;0.733994;0.185577
395;0.016190;1.334610;0.460724
396;0.797394;1.919022;0.539688
397;1.435333;1.430267;0.351425
398;0.257034;1.170166;0.932129
399;-0.351700;1.236130;-0.245438
400;0.309341;1.022476;0.256073
401;0.058472;1.235092;0.147964
402;0.163925;1.009949;0.342651
403;-0.005173;0.975647;0.329376
404;-0.041718;0.958420;0.298401
405;-0.084213;0.949326;0.225082
406;-0.149307;0.925415;0.276474
407;-0.071426;0.960175;0.265320
408;-0.035767;1.063461;0.262482
409;0.075317;1.310379;0.520279
410;-0.156113;1.919815;0.124268
411;-0.506058;1.191452;0.764923
412;0.286774;1.003098;0.173721
413;0.036774;0.368988;0.202713
414;-0.179291;0.374481;0.090775
415;0.130417;0.629364;0.057114
416;0.113556;0.886215;0.072891
417;-0.061371;1.423569;0.317398
418;0.466782;1.735733;0.107773
419;1.617630;1.332169;0.168320
420;-0.195007;0.877502;1.084808
421;-0.400818;1.470169;-1.118881
422;-0.492111;0.801666;1.138550
423;0.346527;1.352081;0.455811
424;0.210068;1.044403;0.284851
425;-0.034088;0.944504;0.396454
426;-0.094833;0.954788;0.266632
427;-0.040512;0.914337;0.242310
428;-0.008514;0.983032;0.258759
429;-0.169373;1.017899;0.309464
430;-0.100159;1.236618;0.237625
431;-0.183838;1.692856;0.361404
432;-0.449631;1.790955;0.405090
433;0.267212;1.214706;0.380142
434;0.768738;0.256607;0.549255
435;-0.468918;0.465073;0.202774
436;0.112061;0.470963;0.137192
437;0.019852;0.797546;0.090469
438;-0.027817;1.204681;0.279083
439;0.028061;1.854767;0.300125
440;0.331863;1.583405;0.026047
441;1.310867;0.449661;-0.276855
442;0.958313;0.659439;0.378067
443;-0.962326;1.529999;-0.757675
444;0.771683;0.664215;-0.130966
445;0.352783;1.431473;0.088257
446;0.214111;1.172226;0.158417
447;-0.165588;0.900604;0.496033
448;-0.167419;0.875092;0.254288
449;-0.105225;0.944443;0.301849
450;-0.071075;1.019745;0.365189
451;-0.098541;1.032669;0.320938
452;-0.099213;1.037262;0.409149
453;-0.021271;1.377350;0.483963
454;-0.544968;2.228439;0.045380
455;-0.177673;1.369720;0.707169
456;0.645584;0.708115;0.730789
457;-0.165298;0.392624;0.024277
458;-0.108154;0.378784;0.256577
459;0.234833;0.685089;0.229065
460;0.064041;0.788071;0.722137
461;0.508743;1.443008;0.694534
462;0.419357;1.604355;0.710800
463;1.854736;0.351303;0.007416
464;-0.230759;1.010284;-0.075562
465;1.179794;1.977814;1.150116
466;0.762802;1.102081;0.682312
467;0.105133;1.174393;0.281631
468;0.147507;1.044037;0.478088
469;0.066895;1.049210;0.304337
470;-0.060272;0.995255;0.306000
471;-0.078140;0.919861;0.284393
472;0.046310;0.931061;0.287140
473;-0.175018;0.985703;0.278702
474;-0.210083;1.119110;0.346176
475;-0.153488;1.761993;0.399414
476;-1.110626;1.364716;0.926483
477;0.210587;1.225235;0.110687
478;-0.131592;0.530930;0.142563
479;-0.131058;0.272766;0.185791
480;0.252136;0.635574;0.074158
481;0.102570;0.744980;0.290604
482;0.291046;1.465225;0.404984
483;0.556015;1.825058;0.517822
484;1.670120;1.105133;0.365112
485;0.154114;0.935486;0.667145
486;-1.092743;1.421829;-0.741119
487;0.152512;0.843781;-0.093292
488;0.148773;1.192429;0.156693
489;0.075607;0.950317;0.469360
490;-0.081863;1.031067;0.353333
491;-0.129074;0.928696;0.371246
492;-0.084457;0.943115;0.315674
493;-0.123398;0.875610;0.338455
494;-0.114944;0.963776;0.421707
495;-0.139191;1.113693;0.404785
496;-0.076126;1.261642;0.460892
497;-0.130157;1.922989;0.070648
498;-1.123123;1.288651;1.104553
499;0.033295;1.278732;0.061890
500;0.530426;0.281967;0.480148
501;-0.050278;0.258469;0.077118
502;-0.014267;0.541183;0.058258
503;0.168915;0.875076;0.057343
504;-0.025085;1.391464;0.443024
505;0.497192;1.876968;0.368423
506;1.678314;1.249939;0.326538
507;0.751282;1.138870;0.386276
508;-2.515533;1.351547;-0.565323
509;0.815384;1.727585;-0.715393
510;-0.135300;0.997559;0.368912
511;0.110153;1.000031;0.443954
512;0.035278;1.025589;0.293839
513;-0.154953;0.870483;0.366287
514;-0.225235;0.884888;0.339035
515;-0.079956;0.957306;0.311356
516;-0.090836;1.030396;0.333420
517;-0.162537;1.113998;0.421051
518;0.008514;1.286850;0.494797
519;-0.111420;2.108292;0.041656
520;-1.158676;1.269791;1.284729
521;0.050095;1.051102;0.247162
522;0.288910;0.311600;0.217514
523;-0.189270;0.310959;0.237488
524;0.136978;0.532059;0.213348
525;0.014450;0.908615;0.279358
526;0.190292;1.601639;0.432617
527;0.556351;1.655258;0.677521
528;1.465988;0.958939;0.516769
529;0.480377;0.912643;0.757401
530;-0.330399;1.221710;-0.217117
531;0.207916;0.892090;0.711716
532;0.117889;1.277039;0.320862
533;0.168320;1.034409;0.329498
534;-0.168152;0.939880;0.408264
535;-0.140503;0.898438;0.345230
536;-0.118179;0.915451;0.329697
537;-0.049408;0.942047;0.329163
538;0.012115;0.988144;0.400604
539;-0.183167;1.112228;0.341385
540;0.060013;1.316513;0.387512
541;-0.024857;2.487534;-0.338135
542;-1.095413;1.237213;1.425735
543;0.333618;0.996262;0.513901
544;0.266861;0.359299;0.299820
545;-0.090744;0.300995;0.109055
546;0.094788;0.508438;0.212814
547;0.032761;0.894897;0.273560
548;0.315018;1.701874;0.336975
549;0.391388;1.926163;0.662094
550;1.856750;0.981339;0.217056
551;0.312439;0.948669;0.883224
552;0.392746;1.403809;0.284576
553;0.224457;1.031403;0.432022
554;-0.003525;1.196976;0.299561
555;0.202255;1.070419;0.271423
556;-0.198456;0.927826;0.412231
557;-0.103897;0.938965;0.333862
558;-0.078659;0.932968;0.309006
559;-0.063965;0.923981;0.341751
560;-0.072113;0.992981;0.357758
561;-0.050034;0.983749;0.312637
562;0.166306;1.470581;0.334381
563;-0.454559;2.300018;-0.244934
564;-0.609528;1.533188;0.982895
565;0.961563;0.859451;0.613403
566;-0.205399;0.214340;0.116959
567;0.059341;0.311508;0.172882
568;0.103653;0.650024;0.007462
569;0.004517;0.977737;0.341629
570;0.366806;2.016693;0.448730
571;0.460541;1.820892;0.729126
572;1.125259;0.928879;0.482788
573;0.055359;1.677139;-0.038269
574;0.933136;1.523285;0.804764
575;0.507736;1.117569;0.520081
576;-0.178940;0.942978;0.644608
577;0.184296;1.044556;0.276413
578;0.050476;1.001129;0.391541
579;-0.151001;0.920456;0.288757
580;-0.122726;0.908539;0.261749
581;-0.028320;0.968246;0.345505
582;-0.115982;1.074905;0.379623
583;-0.074646;1.129227;0.349640
584;-0.087997;1.764053;0.310730
585;-1.041916;1.460953;0.973297
586;-0.027100;1.226242;0.251755
587;0.362793;0.507217;0.071136
588;-0.334778;0.327087;0.168213
589;0.258514;0.639893;-0.051346
590;0.120743;0.796097;0.175690
591;0.207504;1.522964;0.365280
592;0.577454;1.765442;0.494736
593;1.372467;1.282776;0.451996
594;-0.207718;1.121094;1.048752
595;-0.550262;1.284210;-0.620010
596;0.250000;0.908386;0.515640
597;0.074799;1.269135;0.158127
598;0.234863;1.051102;0.334381
599;-0.071701;1.005920;0.349716
600;-0.070328;0.908371;0.317352
601;-0.060455;0.965057;0.245132
602;-0.093918;0.911224;0.349121
603;-0.056366;1.007034;0.339493
604;-0.137421;1.123581;0.340759
605;-0.000595;1.340988;0.455399
606;-0.255432;2.298019;0.028366
607;-0.764969;1.334076;1.109299
608;0.921860;1.002350;0.614182
609;-0.462051;0.335251;0.102539
610;0.194580;0.338379;0.228714
611;0.030319;0.651993;0.105286
612;0.170715;0.854935;0.313217
613;0.350906;1.671341;0.423431
614;0.450989;1.732376;0.593079
615;1.923798;0.347855;-0.043076
616;0.461517;0.522186;0.869873
617;-0.352676;1.025482;0.022354
618;0.591827;0.598465;-0.053589
619;-0.025208;1.274979;0.280396
620;0.270187;1.122787;0.288574
621;-0.078339;0.966003;0.411377
622;-0.121552;0.885956;0.333359
623;-0.129807;0.906830;0.293030
624;0.010147;0.950516;0.359406
625;-0.071518;0.988098;0.378845
626;-0.112808;1.007889;0.279709
627;0.004150;1.497894;0.395020
628;-0.682159;2.201477;0.030609
629;-0.120651;1.558838;0.650223
630;1.039886;0.650894;0.259705
631;-0.492737;0.266174;0.164139
632;0.322540;0.489258;-0.018082
633;0.031845;0.736145;0.093491
634;0.116730;1.195892;0.242661
635;0.501373;1.702118;0.373901
636;0.358093;1.827881;0.515244
637;1.425613;0.672958;0.023575
638;0.947266;0.939728;0.479111
639;0.138367;0.900314;0.655273
640;0.508636;0.973526;0.014450
641;-0.032806;1.235855;0.420242
642;0.151932;1.081848;0.250015
643;-0.000061;0.952560;0.332153
644;-0.069580;0.906601;0.333191
645;-0.183350;0.953232;0.301590
646;-0.003387;0.986740;0.342285
647;-0.178055;1.079498;0.393448
648;-0.209167;1.235733;0.348236
649;-0.170013;1.824921;0.145905
650;-0.875610;1.436142;0.870178
651;0.263809;1.159668;0.557465
652;0.210571;0.504761;-0.045654
653;-0.332047;0.292648;0.068832
654;0.237473;0.660461;-0.052887
655;0.081131;0.849075;0.259735
656;0.225189;1.504166;0.364044
657;0.483704;1.740433;0.664627
658;1.774628;1.099014;0.323471
659;-0.223938;0.804749;1.326233
660;0.641327;1.293823;0.256439
661;0.372925;0.551498;0.551208
662;-0.094955;1.185547;0.272644
663;0.219330;1.082535;0.395996
664;-0.153122;1.005737;0.328644
665;-0.153229;0.911530;0.354797
666;-0.129608;0.915848;0.279099
667;-0.169159;0.930023;0.284424
668;-0.051865;1.007736;0.272232
669;-0.114426;1.123734;0.399948
670;-0.148666;1.499237;0.481873
671;-0.513794;1.969376;0.090179
672;-0.517532;1.213318;1.018768
673;0.657486;1.037872;0.721756
674;-0.429489;0.446442;0.152481
675;-0.103424;0.374207;0.313309
676;0.002747;0.649429;0.060150
677;0.073441;0.863754;0.313385
678;0.368378;1.674530;0.419220
679;0.415131;1.744492;0.800125
680;1.845901;0.263870;0.128983
681;1.058426;0.646423;0.632736
682;-1.106354;0.789200;0.004120
683;1.077362;1.273499;-0.676987
684;0.009659;1.381149;0.223694
685;0.335114;1.157623;0.120483
686;-0.159088;0.924591;0.487198
687;-0.333450;0.844528;0.303024
688;-0.324249;0.817917;0.304932
689;0.045761;1.138596;0.268082
690;0.002121;1.115265;0.265305
691;-0.021286;1.055008;0.371017
692;-0.101822;1.679672;0.432602
693;-0.937759;1.993332;0.364639
694;-0.225739;1.685089;0.148636
695;0.910126;0.754471;0.625244
696;-0.537201;0.503311;-0.091171
697;0.244049;0.427307;0.201340
698;-0.021683;0.640274;0.032532
699;0.175201;1.066467;0.276672
700;0.348740;1.818344;0.553299
701;0.830627;1.495316;0.712692
702;0.256607;1.357132;1.107803
703;-1.644943;2.292435;-1.974030
704;1.201630;2.482697;-0.478104
705;0.265213;1.128296;0.359863
706;-0.053986;1.028915;0.522110
707;0.098587;1.126709;0.133698
708;-0.036667;1.095749;0.177155
709;0.012756;0.912338;0.294739
710;-0.099808;0.947250;0.151291
711;-0.047516;1.051041;0.277908
712;-0.195404;1.023026;0.307190
713;-0.340958;1.761414;0.354523
714;-0.562347;1.819885;0.611435
715;0.390564;1.198761;0.491867
716;-0.325607;0.629471;-0.010834
717;-0.031998;0.410934;0.204285
718;0.132416;0.630447;-0.095505
719;0.158951;0.774323;0.171738
720;0.166916;1.398727;0.306274
721;0.312500;1.991211;0.561798
722;1.981506;1.333710;0.211578
723;0.163254;0.868088;1.076004
724;-1.146790;1.642899;-0.804779
725;0.713043;1.368256;-0.060791
726;0.314896;1.110840;0.275528
727;0.019424;0.925827;0.480484
728;-0.045990;1.002823;0.389297
729;-0.069336;0.955551;0.284866
730;-0.158722;0.917831;0.295578
731;-0.104965;0.945450;0.299393
732;-0.050583;1.061646;0.321732
733;-0.062134;1.136307;0.244598
734;0.054108;1.465790;0.390076
735;-0.879807;2.213821;0.150238
736;-0.190643;1.670578;0.609756
737;1.107178;0.638351;0.595184
738;-0.480103;0.383453;0.107208
739;0.304459;0.411392;0.203217
740;-0.060669;0.617950;0.205475
741;0.099258;1.039337;0.340958
742;0.550629;1.828674;0.406372
743;0.329376;1.790115;0.816147
744;1.546631;0.526901;0.119354
745;-0.976517;1.751862;-0.195892
746;0.553497;1.542923;0.792725
747;0.697388;1.564362;0.137497
748;0.147949;0.989761;0.409439
749;0.096588;1.048615;0.367767
750;-0.045898;0.958923;0.339066
751;-0.107315;0.952591;0.235886
752;-0.173111;0.783005;0.345963
753;-0.041672;1.001633;0.445251
754;-0.053040;1.218369;0.278198
755;0.004745;1.342239;0.406723
756;-0.294434;2.076874;0.068695
757;-1.144775;1.461044;1.201660
758;0.798355;1.225143;0.589310
759;-0.317261;0.449585;0.047363
760;0.060562;0.243317;0.283401
761;0.035721;0.660645;0.020233
762;0.143066;0.919785;0.248154
763;0.259079;1.659805;0.367722
764;0.285034;1.853241;0.747375
765;2.254578;0.803711;0.193054
766;0.010406;1.005081;0.532639
767;0.729019;1.758484;0.256195
768;0.589691;1.588867;0.246445
769;-0.128937;0.983810;0.517471
770;0.128036;1.046494;0.313232
771;-0.024979;0.952789;0.302139
772;-0.091583;0.931076;0.301010
773;-0.159866;0.915268;0.304733
774;-0.021515;1.024719;0.316055
775;-0.115082;1.073761;0.304886
776;-0.204407;1.076660;0.407196
777;-0.184525;1.894852;0.335312
778;-1.179230;1.572067;0.867874
779;0.271301;1.124725;0.811234
780;-0.067368;0.573395;-0.061737
781;-0.206146;0.217896;0.247192
782;0.142197;0.673782;0.001450
783;0.134567;0.902802;0.340500
784;0.171524;1.467850;0.531143
785;0.717178;1.782578;0.685791
786;0.936783;0.994995;0.980469
787;0.249649;1.352310;0.812729
788;-1.174500;1.673050;-1.079819
789;0.473587;1.424225;0.630432
790;0.199875;1.045441;0.468735
791;-0.031769;0.959473;0.413651
792;-0.006042;0.970215;0.360229
793;-0.019012;0.913132;0.300873
794;-0.103729;0.965561;0.264542
795;-0.137283;0.921722;0.199554
796;-0.061340;1.117905;0.368546
797;-0.052277;1.039581;0.292236
798;-0.044571;1.587448;0.409698
799;-0.675674;2.347092;-0.055969
800;-0.436478;1.731537;0.711700
801;1.350662;0.586533;0.677216
802;-0.552612;0.274582;0.147980
803;0.242950;0.390335;0.204208
804;0.033203;0.672226;0.248550
805;0.149338;1.058731;0.466599
806;0.540543;1.776154;0.534927
807;0.279907;1.902969;0.691574
808;0.995911;1.048981;0.489273
809;-0.195190;1.542419;0.268036
810;1.133713;1.735214;0.740967
811;0.610336;1.267975;0.498749
812;-0.114655;0.991592;0.511536
813;0.120880;1.013611;0.269287
814;-0.106277;0.897430;0.349289
815;-0.237991;0.872192;0.328918
816;-0.185318;0.930573;0.332275
817;-0.114578;1.023697;0.347565
818;-0.063004;1.156158;0.353928
819;-0.116562;1.245377;0.462234
820;-0.309952;1.786179;0.370850
821;-1.060501;1.397476;0.906464
822;0.411026;1.018600;0.622391
823;-0.252289;0.643158;-0.077988
824;-0.121063;0.297394;0.276260
825;0.050018;0.694824;-0.012009
826;0.135986;0.834549;0.274353
827;0.158783;1.425781;0.421310
828;0.501144;1.853195;0.585526
829;1.359695;1.314926;0.503754
830;0.663544;1.133926;0.728943
831;-0.340256;1.346130;-0.425491
832;0.355118;0.937851;0.167892
833;0.031952;1.137558;0.398727
834;0.170258;1.051300;0.389236
835;-0.061951;0.990997;0.345566
836;-0.158875;0.937225;0.376129
837;-0.154572;0.881149;0.330688
838;-0.081375;0.934738;0.334045
839;0.027145;1.080246;0.326477
840;-0.137177;1.165253;0.325836
841;-0.095215;1.441193;0.497025
842;-0.568085;2.337616;-0.098907
843;-0.437119;1.568695;0.711670
844;1.124863;0.628799;0.980270
845;-0.572830;0.542145;0.056290
846;0.161240;0.473389;0.255554
847;-0.046844;0.662079;0.150436
848;0.037598;1.062912;0.372879
849;0.467010;1.919571;0.385834
850;0.434647;1.644638;0.763596
851;1.270752;0.632370;0.424362
852;-0.448166;1.762817;0.015686
853;0.818298;1.446060;0.610626
854;0.636795;1.436401;0.087601
855;-0.070084;0.965439;0.548676
856;0.119720;1.051620;0.298965
857;-0.013199;0.978271;0.317581
858;-0.133926;0.917130;0.296432
859;-0.179718;0.913879;0.320786
860;-0.015442;1.072113;0.284073
861;-0.108612;1.201752;0.322647
862;-0.144806;1.419281;0.437988
863;-0.459427;2.301102;-0.058960
864;-0.622482;1.527359;1.046738
865;1.222748;0.876923;0.682846
866;-0.447098;0.371506;0.093323
867;0.184448;0.329895;0.230637
868;-0.032486;0.626724;0.043808
869;0.142746;0.978622;0.213577
870;0.294083;1.820450;0.412109
871;0.243378;1.781082;0.794739
872;1.748947;0.183304;0.132187
873;0.621078;0.965622;0.479889
874;0.827530;1.563782;0.347504
875;0.406540;1.011780;0.369476
876;-0.137741;1.072266;0.458008
877;0.142349;1.062347;0.274811
878;-0.025345;0.976990;0.289139
879;-0.081589;0.935287;0.298141
880;-0.123581;0.956390;0.322601
881;-0.104492;1.041870;0.298325
882;-0.132568;1.108398;0.305191
883;-0.192383;1.102356;0.344635
884;-0.281647;1.914536;0.418686
885;-1.022079;1.399094;0.943253
886;0.316620;1.033463;0.664322
887;-0.188339;0.553101;0.069763
888;-0.080582;0.283615;0.328003
889;0.084259;0.637833;0.053558
890;0.031830;0.768951;0.309052
891;0.064117;1.338058;0.438019
892;0.346237;2.171829;0.485214
893;1.307114;1.683426;0.338593
894;0.473465;1.362900;0.710831
895;-0.821045;1.717972;-0.534424
896;0.286942;0.584045;0.473297
897;0.072937;1.226501;0.343765
898;0.287125;1.031387;0.405411
899;-0.139435;1.010178;0.422287
900;-0.083954;0.941620;0.333618
901;-0.034149;0.921829;0.319122
902;-0.235077;0.777145;0.362015
903;-0.064011;1.026901;0.335571
904;-0.082321;1.229141;0.232803
905;-0.063354;1.331055;0.484985
906;-0.379150;2.024033;0.156677
907;-0.635483;1.521606;1.038864
908;0.697617;1.027359;0.734299
909;-0.303040;0.421188;0.035080
910;0.045670;0.348114;0.274033
911;0.046173;0.661880;-0.023636
912;0.106400;1.004562;0.163345
913;0.239502;1.737076;0.299652
914;0.396149;1.820679;0.756378
915;2.125076;0.673843;0.288773
916;0.783752;0.733948;0.819366
917;0.495712;1.420303;0.017731
918;0.175537;0.797150;0.343338
919;0.198059;1.275620;0.229904
920;0.247360;1.059479;0.313248
921;-0.111862;0.973633;0.365646
922;-0.120514;0.895493;0.314636
923;-0.093536;0.915817;0.347382
924;-0.075531;0.981033;0.298019
925;-0.164505;1.022491;0.384964
926;-0.107895;1.061447;0.320572
927;0.023132;1.504410;0.408325
928;-0.658981;2.105408;-0.007477
929;-0.274338;1.637039;0.600601
930;0.908722;0.694321;0.872543
931;-0.432297;0.497803;-0.010071
932;0.011780;0.433746;0.301971
933;-0.019714;0.667526;0.130661
934;0.105103;0.921448;0.422729
935;0.493195;1.794952;0.448166
936;0.518631;1.641495;0.693024
937;1.853561;0.231491;0.007462
938;-0.657516;1.471924;-0.226257
939;0.770203;1.576370;0.226944
940;0.527313;1.480682;0.121689
941;-0.230011;0.997421;0.562195
942;0.081543;1.046127;0.331604
943;0.045029;0.955521;0.259918
944;-0.098343;0.961395;0.263367
945;-0.090042;0.953247;0.262589
946;0.013977;1.084183;0.232559
947;-0.128479;1.148117;0.236603
948;-0.224228;1.252945;0.465607
949;-0.307236;2.003677;0.346024
950;-1.122375;1.230347;1.145157
951;0.909683;1.125046;0.427505
952;-0.448181;0.395111;0.248810
953;0.161041;0.389191;0.325195
954;0.085495;0.585251;0.266769
955;0.019531;0.825943;0.446365
956;0.139160;1.243073;0.508286
957;0.526688;1.898483;0.530487
958;1.250534;1.400131;0.472519
959;0.392975;1.177094;0.883591
960;-0.509781;1.762680;-0.765732
961;0.507584;0.391220;0.710449
962;0.144226;1.144730;0.217270
963;0.256042;1.024872;0.353653
964;-0.064362;1.026855;0.311142
965;-0.146622;0.904984;0.388931
966;-0.084595;0.912064;0.317612
967;-0.307159;0.874634;0.300735
968;0.026993;1.098328;0.321457
969;-0.080536;1.100235;0.372314
970;-0.049683;1.323929;0.631973
971;-0.401184;1.818787;0.158920
972;-0.794647;1.451965;1.117599
973;0.528702;1.096436;0.506927
974;-0.135040;0.398270;0.099915
975;-0.084183;0.354813;0.292831
976;0.145447;0.709991;0.025253
977;-0.033585;0.923981;0.305283
978;0.046616;1.511292;0.419022
979;0.482452;1.858887;0.525528
980;1.788712;1.460831;0.338715
981;-0.004425;1.118073;1.034302
982;-1.023926;1.277039;-0.315720
983;0.547150;1.246338;0.513962
984;0.468735;1.203323;0.443039
985;-0.139771;0.974258;0.443802
986;0.036652;0.976212;0.399139
987;-0.056824;0.939621;0.291306
988;-0.096909;0.953491;0.286972
989;-0.196671;0.895233;0.293182
990;-0.054245;1.055389;0.323624
991;-0.083817;1.181534;0.362015
992;-0.033951;1.346771;0.501984
993;-0.362656;1.776245;0.205734
994;-0.610046;1.424606;1.025131
995;0.502869;1.023911;0.658478
996;-0.247498;0.531403;0.067123
997;-0.051437;0.330597;0.347290
998;0.031723;0.722351;0.009384
999;0.082535;0.881653;0.229813
1000;0.018433;1.475159;0.455246
1001;0.506943;2.162186;0.542786
1002;1.637985;1.287048;0.488586
1003;0.645447;0.915863;0.737061
1004;-1.262100;1.467331;-0.753967
1005;0.216888;1.150406;0.434570
1006;0.279495;1.002289;0.396561
1007;0.138763;0.970657;0.372055
1008;-0.091949;1.012421;0.454605
1009;-0.125061;0.903732;0.292084
1010;-0.138580;0.945282;0.290176
1011;-0.147720;0.920425;0.337402
1012;-0.037918;1.076248;0.376022
1013;-0.182419;1.106964;0.367966
1014;-0.094635;1.322540;0.498596
1015;-0.490677;2.031830;0.135178
1016;-0.769699;1.482910;1.146164
1017;0.857025;1.037537;0.632553
1018;-0.416672;0.409821;0.125549
1019;0.144333;0.374695;0.266998
1020;0.047348;0.595688;0.067947
1021;0.067963;0.897888;0.299240
1022;0.124939;1.506393;0.512360
1023;0.424301;2.026718;0.553055
1024;1.541473;1.134109;0.378998
1025;-0.164841;1.381195;0.710007
1026;-0.082230;1.645706;-0.619141
1027;0.551788;1.374863;0.045837
1028;-0.257156;0.936188;0.450607
1029;0.112946;1.052628;0.397888
1030;0.015717;0.958282;0.322968
1031;-0.105774;0.913788;0.331619
1032;0.057190;1.019333;0.229858
1033;-0.092773;0.960526;0.342316
1034;-0.088043;1.078232;0.355942
1035;-0.156860;1.164246;0.416656
1036;-0.026810;1.432861;0.407242
1037;-0.591003;1.831573;0.259323
1038;-0.411255;1.711975;0.646332
1039;0.757111;0.928238;0.593781
1040;-0.375000;0.526535;0.134003
1041;0.161484;0.514603;0.167419
1042;-0.040939;0.671951;0.129288
1043;0.098557;1.119583;0.183914
1044;0.235718;1.859879;0.294998
1045;0.784729;1.589203;0.474854
1046;1.115707;0.321396;0.496384
1047;0.925552;1.265427;0.635635
1048;1.228210;1.476913;1.016678
1049;-0.045853;0.732071;0.968323
1050;0.156967;1.124130;0.390091
1051;0.207169;1.067200;0.268188
1052;-0.070496;0.956650;0.302704
1053;-0.189163;0.909348;0.260086
1054;-0.175842;0.888138;0.327133
1055;-0.004288;1.019974;0.297180
1056;-0.117096;1.153870;0.413818
1057;-0.150269;1.272278;0.458694
1058;-0.331726;1.816360;0.138763
1059;-0.831436;1.330063;0.952728
1060;0.188385;1.226120;0.293427
1061;0.019836;0.554047;0.154556
1062;-0.299072;0.428940;0.163681
1063;0.159042;0.631409;0.099899
1064;-0.006714;0.808960;0.304855
1065;0.095367;1.330246;0.395584
1066;0.481369;1.988632;0.451080
1067;0.736099;1.650925;0.505234
1068;0.312073;1.474808;0.862839
1069;-0.734665;1.882706;-0.789841
1070;0.416702;1.146042;0.587128
1071;0.366562;1.096634;0.444397
1072;0.190704;1.000626;0.360794
1073;0.004059;1.007050;0.454681
1074;-0.089706;0.956970;0.314896
1075;-0.057877;0.964157;0.304443
1076;-0.236145;0.865204;0.302444
1077;-0.114517;1.019150;0.382416
1078;-0.059647;1.188797;0.334076
1079;-0.171616;1.339691;0.420181
1080;-0.298462;1.679565;0.185242
1081;-0.825211;1.387497;1.038116
1082;0.318039;1.232803;0.407776
1083;0.039108;0.487213;0.099380
1084;-0.239853;0.257751;0.259079
1085;0.252991;0.684799;-0.034729
1086;0.001266;0.814392;0.214218
1087;-0.050110;1.309784;0.419601
1088;0.366028;2.071762;0.361801
1089;0.693207;1.479263;0.557632
1090;0.256805;1.353561;0.711914
1091;0.143570;1.456406;0.461700
1092;0.777679;1.577942;0.876556
1093;0.134064;1.105682;0.530640
1094;0.009064;1.038574;0.504883
1095;0.217499;1.067551;0.306610
1096;0.078796;0.968765;0.298767
1097;0.010605;1.013870;0.306030
1098;-0.149887;0.929749;0.227753
1099;-0.240677;0.947845;0.414337
1100;-0.198837;1.057800;0.318146
1101;-0.041260;1.170349;0.283615
1102;-0.142334;1.596710;0.395142
1103;-0.859131;1.756622;0.215973
1104;0.001343;1.555511;0.375885
1105;0.343063;0.758102;0.304306
1106;-0.335358;0.389999;0.170792
1107;0.254089;0.528229;0.212189
1108;-0.055466;0.652847;0.191467
1109;0.077454;1.103958;0.302902
1110;0.200851;1.935974;0.436615
1111;0.681732;1.555450;0.626480
1112;1.474594;0.317535;0.086212
1113;0.703110;0.968460;0.627045
1114;0.981323;1.588226;0.593109
1115;0.208282;0.840652;0.697067
1116;-0.038864;1.140945;0.371445
1117;0.260666;1.072220;0.253983
1118;-0.054642;0.993164;0.313232
1119;-0.138245;0.934753;0.287201
1120;-0.066284;0.953568;0.287476
1121;-0.152634;0.967087;0.292892
1122;-0.157227;1.098404;0.362244
1123;-0.159454;1.230850;0.358017
1124;-0.111847;1.483475;0.413300
1125;-0.723190;1.899139;0.230469
1126;-0.184769;1.649918;0.424210
1127;0.876801;0.641113;0.724106
1128;-0.326492;0.561127;0.107513
1129;0.152084;0.523849;0.198349
1130;-0.076370;0.742050;0.061172
1131;-0.016922;1.088150;0.210571
1132;0.249893;1.884201;0.296402
1133;0.598541;1.677155;0.510712
1134;1.777618;0.377319;-0.030106
1135;0.636292;0.884872;0.830368
1136;0.523956;1.417206;0.170319
1137;0.348724;0.832016;0.368744
1138;-0.032120;1.279266;0.393097
1139;0.282364;1.092209;0.230881
1140;-0.060333;0.957108;0.279572
1141;-0.177521;0.918442;0.310928
1142;-0.193787;0.918839;0.280823
1143;-0.085236;1.009506;0.332672
1144;-0.093170;1.099808;0.431976
1145;-0.121979;1.157074;0.309906
1146;-0.129745;1.521408;0.393539
1147;-0.677444;1.812378;0.310699
1148;-0.204971;1.653549;0.482071
1149;0.842163;0.675003;0.591888
1150;-0.413300;0.382278;0.123566
1151;0.179199;0.508850;0.214050
1152;-0.079681;0.743439;0.156769
1153;0.115845;1.074554;0.264954
1154;0.115784;1.760880;0.440033
1155;0.526428;1.689926;0.600082
1156;1.489273;0.231506;0.021683
1157;1.239105;0.889496;0.378952
1158;-0.929916;1.271393;-0.294968
1159;0.325272;0.788071;0.217987
1160;0.061890;1.106903;0.272461
1161;0.194214;1.062088;0.307327
1162;-0.148605;1.006134;0.393814
1163;-0.139496;0.907532;0.316513
1164;-0.155762;0.957855;0.268066
1165;-0.172775;0.946136;0.262329
1166;0.020828;1.080154;0.320877
1167;-0.155701;1.118942;0.245560
1168;0.026001;1.335434;0.507202
1169;-0.371017;1.794998;0.202103
1170;-0.758957;1.231964;1.006790
1171;0.344925;1.274139;0.178055
1172;-0.114746;0.500519;0.291779
1173;-0.138931;0.515274;0.137985
1174;0.202621;0.658218;0.120300
1175;-0.103302;0.802002;0.236694
1176;0.073715;1.244003;0.308701
1177;0.343414;2.040237;0.376236
1178;0.794525;1.433411;0.685959
1179;0.212936;1.472000;1.046631
1180;-1.470963;1.564026;-0.315964
1181;1.085938;1.892029;0.046066
1182;0.045700;0.854630;0.536606
1183;-0.075195;1.017761;0.480270
1184;0.106384;1.069717;0.313492
1185;-0.058380;0.933624;0.275681
1186;-0.158066;0.950333;0.280914
1187;-0.128311;0.912827;0.294006
1188;0.008057;1.044571;0.273178
1189;-0.025253;1.120636;0.378296
1190;-0.260284;1.204163;0.410294
1191;-0.136612;1.542999;0.295105
1192;-0.808594;1.703110;0.224731
1193;0.113068;1.645447;0.256317
1194;0.669388;0.522827;0.847244
1195;-0.084976;0.539932;0.121719
1196;-0.100555;0.518631;0.074875
1197;-0.010315;0.744415;0.107773
1198;-0.018433;0.974976;0.297836
1199;0.170837;1.695953;0.392914
1200;0.630096;1.760605;0.587952
1201;1.726166;1.003906;0.300705
1202;0.697449;0.933228;0.669128
1203;1.238892;1.419525;0.201904
1204;0.105362;0.754211;0.522766
1205;-0.049362;1.190063;0.324722
1206;0.241486;1.069427;0.308395
1207;0.020676;0.996170;0.330841
1208;-0.067062;0.970032;0.302338
1209;0.017395;0.933578;0.284164
1210;-0.077423;0.890427;0.313339
1211;-0.046906;1.049973;0.407654
1212;-0.190414;1.168747;0.270508
1213;-0.036453;1.407043;0.503067
1214;-0.547379;1.870529;0.090363
1215;-0.749176;1.419403;1.055222
1216;0.546646;1.000900;0.757782
1217;-0.196396;0.466263;0.081131
1218;-0.068130;0.352203;0.254700
1219;0.042603;0.786942;0.008667
1220;0.013565;0.896896;0.263474
1221;-0.012863;1.408798;0.393509
1222;0.305557;1.980743;0.473785
1223;1.437332;1.380585;0.636368
1224;0.226425;1.350677;0.947632
1225;-0.807281;1.703522;-0.560806
1226;0.236343;0.761734;0.166672
1227;0.534515;1.186829;0.257889
1228;-0.120483;0.924911;0.495651
1229;-0.017792;1.021118;0.428009
1230;0.000977;0.967331;0.314468
1231;-0.084427;0.988113;0.247162
1232;-0.267380;0.815735;0.286179
1233;0.062607;1.132187;0.320374
1234;-0.172745;1.184402;0.300095
1235;-0.184830;1.412155;0.460526
1236;-0.333328;1.941864;0.046509
1237;-0.719910;1.277237;1.115295
1238;0.509048;1.248230;0.259094
1239;-0.141281;0.397141;0.307037
1240;-0.066269;0.440536;0.112701
1241;0.077759;0.684143;0.086426
1242;-0.057983;0.844498;0.273178
1243;-0.071701;1.364014;0.446198
1244;0.377853;2.273956;0.473022
1245;1.905411;1.420013;0.543961
1246;0.006561;1.348160;0.776184
1247;-1.294846;1.502548;-0.223404
1248;0.955246;1.417450;0.302765
1249;0.032074;1.145142;0.533310
1250;-0.315460;0.942139;0.538696
1251;0.016068;1.008408;0.366272
1252;-0.005356;0.941391;0.298370
1253;-0.053894;0.984863;0.290649
1254;-0.232193;0.893600;0.317566
1255;0.063034;1.103195;0.266525
1256;-0.005646;1.159866;0.264053
1257;-0.109512;1.217896;0.493988
1258;-0.170776;1.706558;0.192307
1259;-1.014908;1.261383;0.859909
1260;0.064178;1.427628;0.304352
1261;0.396103;0.733185;0.269791
1262;-0.395020;0.437180;0.142502
1263;0.259918;0.656540;0.125565
1264;-0.105453;0.708679;0.176941
1265;0.117737;1.147095;0.191772
1266;0.255325;2.045990;0.468674
1267;0.731628;1.698639;0.750900
1268;0.819122;0.820221;0.931122
1269;-0.694962;1.318512;0.215561
1270;0.719284;1.637451;0.178909
1271;0.266800;1.061920;0.407166
1272;-0.185577;1.021118;0.562057
1273;0.203903;1.066971;0.266342
1274;0.003281;0.964798;0.317703
1275;-0.152878;0.925125;0.314026
1276;-0.121948;0.956940;0.277664
1277;-0.206299;0.919373;0.330872
1278;-0.064545;1.093521;0.292374
1279;0.024719;1.116257;0.295914
1280;0.050873;1.359772;0.453690
1281;-0.478348;2.016479;0.036926
1282;-0.862396;1.321548;1.127777
1283;0.326279;1.082565;0.473267
1284;0.087524;0.524368;0.076736
1285;-0.217651;0.409607;0.206589
1286;0.168961;0.711746;0.088318
1287;-0.025558;0.863251;0.295807
1288;0.037201;1.342453;0.419281
1289;0.314636;2.091461;0.339859
1290;1.207230;1.528458;0.602798
1291;-0.329529;1.639450;1.018906
1292;-0.144241;1.517685;0.557281
1293;1.143387;1.834579;0.131607
1294;0.268265;1.076523;0.639038
1295;-0.273438;1.008774;0.578201
1296;0.230484;1.059006;0.303848
1297;0.043243;0.994705;0.243668
1298;-0.046982;0.935257;0.282074
1299;-0.118256;0.916611;0.298691
1300;-0.210236;0.839478;0.313599
1301;0.077820;1.073990;0.304657
1302;-0.057220;1.065079;0.338654
1303;-0.044189;1.239944;0.575180
1304;-0.284042;1.510117;0.324814
1305;-0.419205;1.968796;-0.206207
1306;-0.117569;1.452881;0.801392
1307;0.837616;0.938538;0.152679
1308;-0.537262;0.236084;0.359146
1309;0.264221;0.586716;0.192108
1310;-0.055161;0.734741;0.340286
1311;0.224060;1.099014;0.245056
1312;-0.171661;1.588470;0.533936
1313;0.419556;2.010773;0.343948
1314;1.564804;0.988235;0.354965
1315;0.545212;0.947342;0.385696
1316;-0.236755;1.035248;0.733459
1317;1.223755;1.924881;0.071060
1318;-0.439911;0.597397;0.269562
1319;0.131119;1.176743;0.213211
1320;0.349579;1.147537;0.177353
1321;-0.145523;0.909821;0.368332
1322;-0.245636;0.883484;0.374329
1323;-0.198807;0.893219;0.343109
1324;-0.161728;0.929703;0.355179
1325;-0.065369;0.959229;0.397171
1326;-0.115967;1.068604;0.393570
1327;0.023453;1.198181;0.391724
1328;-0.021561;1.399063;0.406464
1329;-0.356110;2.004211;0.006378
1330;-0.391327;1.539459;0.512268
1331;0.397888;0.807861;0.677368
1332;0.037079;0.652771;-0.079636
1333;-0.187668;0.582626;0.060959
1334;0.019012;0.772125;0.121826
1335;0.102966;0.984329;0.247238
1336;0.104080;1.548950;0.496002
1337;0.797150;1.811768;0.664093
1338;1.397247;1.034943;0.580688
1339;0.354782;0.992706;0.718201
1340;-1.082626;1.375031;-0.347046
1341;0.256195;1.056168;0.152237
1342;0.363800;1.190613;0.527115
1343;-0.097626;0.971680;0.350082
1344;-0.000717;1.002380;0.342712
1345;-0.034195;0.948013;0.292252
1346;-0.032928;0.943298;0.313660
1347;-0.243607;0.915558;0.233078
1348;-0.140305;1.020767;0.315216
1349;-0.049545;1.080536;0.253647
1350;-0.112930;1.143448;0.336121
1351;-0.101685;1.230515;0.311798
1352;-0.270798;1.563950;0.255386
1353;-0.791855;1.362534;0.529861
1354;0.047760;1.366119;0.162537
1355;0.691757;0.465622;0.835220
1356;-0.219711;0.552582;0.181046
1357;0.060379;0.607681;0.356277
1358;0.011993;0.733978;0.321594
1359;-0.009277;0.999573;0.581833
1360;0.203842;1.639236;0.765915
1361;0.639221;1.709290;0.783630
1362;1.800964;0.919449;0.355942
1363;-0.072113;0.831528;0.679382
1364;-1.813171;2.274551;-1.919418
1365;-0.604218;0.981155;-0.060974
1366;-0.054382;0.963898;0.153198
1367;0.085159;1.031784;0.223099
1368;0.249054;1.046890;0.219482
1369;0.061081;1.062546;0.143448
1370;-0.027252;0.951004;0.222946
1371;-0.129547;1.001236;0.148346
1372;-0.202927;0.913437;0.232849
1373;-0.157227;1.024872;0.168930
1374;-0.146973;1.060715;0.048111
1375;-0.127411;1.297363;0.393677
1376;-0.475662;2.016312;0.161209
1377;-0.722214;1.334442;0.724579
1378;0.601196;1.055634;0.206589
1379;-0.106110;0.289749;0.630432
1380;0.058167;0.437607;0.504242
1381;0.136810;0.499817;0.698547
1382;-0.210815;0.688904;0.947769
1383;-0.059235;1.102661;1.188248
1384;0.486771;1.648346;0.983841
1385;0.064713;1.206589;1.017960
1386;1.877121;0.554672;-0.200089
1387;0.653030;0.791275;0.472015
1388;1.899170;1.244812;0.677505
1389;0.436829;0.401749;0.789307
1390;0.069275;1.255768;0.122070
1391;0.488556;1.061325;0.304581
1392;0.123291;1.097794;0.244629
1393;0.036118;1.010941;0.193176
1394;-0.073166;0.945847;0.126404
1395;-0.063141;0.860107;0.250839
1396;0.143707;1.008072;0.222321
1397;-0.035950;1.001953;0.199631
1398;0.143280;1.498047;0.338043
1399;-1.121918;1.864441;0.349213
1400;0.198013;1.463043;0.468643
1401;0.596573;0.557968;0.603851
1402;-0.029861;0.374695;0.449081
1403;0.344650;0.493225;0.241684
1404;0.036758;0.622467;0.199677
1405;-0.068619;1.072510;0.507034
1406;0.540009;1.866760;0.459671
1407;0.170303;1.590195;0.858536
1408;1.275406;0.992569;0.383072
1409;1.123184;1.175690;0.244431
1410;-1.955399;1.086884;0.037125
1411;1.029175;0.211426;-0.769455
1412;0.706039;1.482483;0.147842
1413;0.404831;1.152634;0.073227
1414;-0.047302;1.067566;0.239426
1415;-0.010544;0.849472;0.413773
1416;-0.026993;0.878357;0.221664
1417;-0.048981;0.914978;0.412598
1418;-0.074112;0.957306;0.304764
1419;-0.002991;1.023346;0.229980
1420;0.188416;1.663528;0.162109
1421;-1.173447;1.560211;0.668381
1422;0.284348;1.417068;0.453522
1423;1.141342;0.250839;0.868637
1424;-0.136810;0.295334;0.270126
1425;0.110748;0.550095;0.276047
1426;0.003723;0.673035;0.360947
1427;-0.013489;1.115585;0.633499
1428;0.743088;1.795532;0.458572
1429;0.258331;1.596832;0.748260
1430;1.445816;1.496674;-0.014084
1431;0.450806;1.364029;0.155624
1432;1.247086;0.805054;2.560944
1433;0.594849;1.126495;0.984573
1434;0.194565;1.056931;0.444962
1435;0.205093;1.011780;0.386902
1436;0.039124;1.056427;0.343231
1437;0.006439;0.985428;0.170486
1438;0.025223;0.960709;0.249619
1439;0.036591;0.967743;0.308838
1440;-0.068222;0.981705;0.277649
1441;-0.073685;0.976013;0.446213
1442;0.021133;1.608383;0.302292
1443;-0.890808;1.862442;0.261276
1444;0.340469;1.699127;0.648880
1445;-0.097885;0.833267;0.295959
1446;-0.037354;0.339371;0.273865
1447;0.103455;0.469116;0.143951
1448;0.109543;0.665817;0.265259
1449;0.045380;0.975952;0.311417
1450;0.515884;1.988434;0.518723
1451;0.533646;1.701492;0.413589
1452;0.835312;0.955109;0.379379
1453;0.365692;1.488052;0.348404
1454;0.607681;1.560120;1.287964
1455;1.102112;1.763000;-0.072739
1456;0.221115;0.946320;0.529419
1457;0.296204;1.011169;0.386688
1458;0.071838;1.038757;0.446991
1459;0.075546;0.962723;0.333298
1460;-0.016998;0.875748;0.328033
1461;-0.135620;0.807938;0.293640
1462;-0.131210;1.041489;0.351944
1463;-0.135727;1.169479;0.456329
1464;-0.115555;1.880035;0.237839
1465;-1.248978;1.391769;0.941101
1466;0.195389;1.365875;0.126602
1467;0.070801;0.241516;0.615707
1468;0.188019;0.418213;0.002701
1469;0.050980;0.382401;0.033798
1470;0.131744;0.815552;0.092789
1471;0.059052;1.535217;0.391235
1472;0.363113;1.833694;0.559738
1473;1.725113;1.346725;0.080963
1474;0.731323;1.078156;0.542480
1475;-2.295441;1.738052;-1.021957
1476;1.256638;1.997040;0.860107
1477;0.082367;1.385574;0.291428
1478;0.476669;1.062225;0.257629
1479;0.029495;0.972137;0.396729
1480;-0.013947;0.927475;0.356216
1481;-0.064713;0.951721;0.262192
1482;-0.117630;0.926147;0.287689
1483;0.058914;1.008499;0.171097
1484;-0.150024;1.083313;0.358093
1485;-0.018661;1.238739;0.610733
1486;-0.184357;1.847916;0.251144
1487;-1.040359;1.343048;0.793625
1488;0.159256;1.291061;0.123413
1489;0.242233;0.198532;0.665146
1490;-0.016159;0.468872;0.095490
1491;0.279282;0.538300;0.027954
1492;-0.028183;0.764801;0.132584
1493;-0.076294;1.328247;0.292816
1494;0.559494;1.924469;0.234741
1495;1.031647;1.703766;0.221130
1496;0.113388;1.370346;0.932144
1497;-1.564636;1.933899;-1.237259
1498;0.588303;1.664230;0.573944
1499;-0.082138;1.138184;0.329010
1500;0.486755;1.029968;0.337143
1501;0.168930;1.014542;0.418503
1502;0.068573;0.967621;0.446335
1503;0.027374;0.963089;0.255066
1504;-0.030212;0.883774;0.290482
1505;-0.030380;0.808105;0.374435
1506;-0.055130;0.963638;0.350723
1507;-0.099121;1.014862;0.285156
1508;0.150864;1.584854;0.351257
1509;-0.408539;2.394928;-0.300064
1510;-0.227448;1.543182;0.674118
1511;0.769531;0.718811;0.429306
1512;-0.026855;0.243683;0.357849
1513;0.187256;0.420990;0.197952
1514;-0.076187;0.523254;0.352509
1515;0.084320;0.904083;0.397461
1516;0.485199;1.853363;0.485596
1517;0.222260;1.762573;0.877243
1518;1.944016;0.239685;-0.085693
1519;0.507004;1.199142;0.149734
1520;0.979294;1.255814;1.630569
1521;0.816971;1.351059;0.496307
1522;0.283768;0.894608;0.460709
1523;0.172928;1.077240;0.429199
1524;0.099533;0.937622;0.396194
1525;-0.033737;0.975220;0.258408
1526;-0.043777;0.887344;0.226669
1527;-0.094727;0.852127;0.384537
1528;-0.008484;1.014008;0.308807
1529;-0.076706;0.981857;0.298264
1530;0.131119;1.513565;0.352524
1531;-0.631287;2.181686;0.096008
1532;-0.065384;1.510361;0.533066
1533;1.129288;0.555954;0.584747
1534;-0.019928;0.300613;0.259430
1535;0.209000;0.504044;-0.078796
1536;0.017578;0.568420;0.055984
1537;0.050552;0.952148;0.154434
1538;0.275528;1.899338;0.285522
1539;0.400146;1.660339;0.497055
1540;1.930267;0.338425;-0.079178
1541;-0.388123;1.380707;0.198563
1542;1.196747;0.925400;1.623062
1543;0.114487;1.322235;0.818878
1544;0.309097;0.946304;0.539871
1545;0.267227;1.081940;0.372620
1546;0.088669;1.006668;0.365601
1547;-0.061737;0.917023;0.306229
1548;-0.067703;0.802124;0.330841
1549;-0.025253;0.876297;0.412903
1550;-0.068268;1.017166;0.428040
1551;-0.145996;0.946106;0.360840
1552;0.216507;1.524734;0.156403
1553;-0.739136;1.897644;0.172470
1554;0.010178;1.650955;0.481476
1555;0.606705;0.623138;0.616165
1556;0.036118;0.306610;0.234421
1557;0.200027;0.465637;-0.056274
1558;-0.259903;0.533035;0.319656
1559;0.209793;1.126282;0.139725
1560;0.351257;1.691910;0.435379
1561;0.392258;1.593353;0.625275
1562;1.204941;0.580505;0.343506
1563;0.908569;1.319397;0.198120
1564;0.710632;1.142944;1.879395
1565;0.817947;1.253296;0.680145
1566;0.123840;1.000809;0.532608
1567;0.146637;1.039780;0.417877
1568;0.057495;1.033600;0.288361
1569;-0.133911;0.854187;0.305328
1570;-0.098312;0.766251;0.316452
1571;0.053406;0.890030;0.374542
1572;0.057083;1.051224;0.299438
1573;-0.250595;0.947128;0.349594
1574;0.106400;1.531464;0.332520
1575;-0.819626;2.115036;0.311844
1576;0.011963;1.600632;0.539719
1577;1.073578;0.259323;0.825928
1578;0.019608;0.320969;0.120651
1579;0.031128;0.542419;0.056870
1580;0.193619;0.715347;0.212006
1581;-0.045624;0.987640;0.487137
1582;0.731857;1.766312;0.398880
1583;0.155167;1.560394;0.819824
1584;1.394669;0.483109;0.118576
1585;-0.171112;1.812576;-0.706818
1586;0.686142;2.665710;0.445480
1587;0.398376;1.576233;0.125504
1588;0.442535;1.080643;0.326462
1589;0.228058;1.019089;0.465012
1590;0.036636;1.058975;0.364166
1591;0.040253;0.891708;0.273117
1592;-0.067307;0.818741;0.341003
1593;0.133240;0.799301;0.301422
1594;-0.150421;0.997345;0.398361
1595;-0.169098;0.961670;0.362137
1596;0.048462;1.721497;0.209747
1597;-0.708725;1.962555;0.103745
1598;0.044998;1.527176;0.417770
1599;0.996155;0.425186;0.871109
1600;0.012939;0.385010;0.243362
1601;0.082703;0.526321;0.099777
1602;0.127060;0.632950;0.215469
1603;-0.066101;1.055756;0.381241
1604;0.414963;1.967255;0.389145
1605;0.298218;1.494476;0.613358
1606;1.034744;1.327011;0.442612
1607;0.508591;1.510712;0.105637
1608;1.021988;1.448532;1.214249
1609;0.398849;0.924973;0.879166
1610;0.237900;1.046234;0.539307
1611;0.132889;1.072418;0.375931
1612;0.027176;1.049957;0.339569
1613;-0.108124;0.857559;0.366028
1614;-0.039017;0.807373;0.267853
1615;0.027252;0.977844;0.385422
1616;0.001938;1.018875;0.293182
1617;-0.227768;0.988647;0.372452
1618;0.081619;1.473999;0.481812
1619;-0.728210;2.166977;0.061966
1620;0.079987;1.505676;0.552002
1621;1.075104;0.301147;0.715240
1622;-0.219559;0.357010;0.055618
1623;0.064484;0.410080;0.111801
1624;0.097900;0.872665;0.082779
1625;-0.022751;1.130508;0.401306
1626;0.428635;1.962219;0.444992
1627;0.437057;1.549408;0.613251
1628;0.821182;1.125168;0.400162
1629;0.733292;1.359039;0.272385
1630;1.210663;1.380585;0.843719
1631;0.702271;0.881836;0.758331
1632;0.172012;1.027176;0.573288
1633;0.189270;1.042343;0.412643
1634;0.118988;1.004883;0.363800
1635;-0.023697;0.921219;0.311920
1636;-0.020767;0.862473;0.258835
1637;-0.081177;0.820419;0.375412
1638;-0.090454;0.965591;0.360123
1639;-0.078842;1.041611;0.302475
1640;0.084778;1.609665;0.376526
1641;-0.703613;1.958313;0.060654
1642;0.011627;1.595200;0.318466
1643;0.940506;0.367737;0.844452
1644;-0.048920;0.397736;0.198135
1645;0.024643;0.503662;0.049896
1646;0.144501;0.742142;0.098068
1647;-0.063705;1.012741;0.361801
1648;0.528885;2.112518;0.396439
1649;0.545303;1.726166;0.597656
1650;1.167511;1.465836;0.338654
1651;-1.341660;2.346451;-1.199646
1652;0.437531;2.090393;0.647003
1653;0.309418;1.254318;0.237793
1654;0.395355;1.133057;0.312637
1655;0.101532;1.013443;0.442337
1656;0.059067;1.037491;0.238983
1657;-0.185242;0.827560;0.346008
1658;-0.118546;0.796814;0.349945
1659;0.111084;1.008347;0.318268
1660;-0.010315;1.068436;0.261566
1661;-0.215103;0.994049;0.455627
1662;-0.089661;1.962387;0.150055
1663;-0.817673;1.407639;0.902008
1664;0.304291;1.294083;0.226852
1665;-0.073715;0.318726;0.392563
1666;0.073410;0.433121;-0.101868
1667;0.060349;0.526108;0.105270
1668;0.077133;0.835693;0.100342
1669;0.249420;1.555878;0.401321
1670;0.403793;1.770325;0.677124
1671;1.980469;0.894470;0.131699
1672;0.443741;0.692490;0.733963
1673;0.224060;1.044327;1.390396
1674;0.999908;0.823151;0.711365
1675;0.392761;1.148941;0.461151
1676;0.138733;1.056381;0.447754
1677;0.056519;1.009171;0.315170
1678;-0.146317;0.867630;0.300781
1679;-0.032303;0.806274;0.228821
1680;0.167145;0.934158;0.324249
1681;-0.014618;1.050476;0.348648
1682;-0.172394;1.027161;0.440048
1683;0.099350;2.001144;0.145203
1684;-1.263657;1.428543;0.977966
1685;0.106766;1.357391;0.410858
1686;0.328644;0.278885;0.692352
1687;0.172668;0.361679;0.081116
1688;0.118408;0.480072;0.160309
1689;-0.020844;0.703552;0.283279
1690;-0.023636;1.264236;0.480026
1691;0.786682;1.832306;0.487503
1692;1.457230;1.701859;0.244263
1693;0.156357;1.329147;0.753967
1694;0.499542;1.352371;-0.152115
1695;0.860809;0.421707;0.564484
1696;-0.280334;1.034271;0.698593
1697;0.224304;1.001038;0.433243
1698;0.158493;1.043030;0.320007
1699;0.095032;0.937836;0.396210
1700;0.008087;0.990295;0.263474
1701;-0.071686;0.866089;0.261093
1702;0.004227;0.999878;0.327164
1703;-0.115982;1.080841;0.321198
1704;0.046219;1.397537;0.465591
1705;-0.441223;2.404800;0.054352
1706;-0.683533;1.411896;1.009171
1707;0.506500;1.005310;0.300293
1708;-0.003967;0.284576;0.335098
1709;0.393112;0.432068;0.008255
1710;0.000793;0.463242;-0.011856
1711;0.042328;0.935822;0.076950
1712;0.293579;2.076614;0.374725
1713;0.324631;1.946152;0.833054
1714;1.373917;0.694031;0.768509
1715;-0.794876;2.143005;-0.799911
1716;0.978806;1.404556;0.434738
1717;0.183289;1.149353;0.367126
1718;0.317200;0.981873;0.424820
1719;0.178894;1.073380;0.343674
1720;0.072327;0.936920;0.408722
1721;-0.040771;0.954514;0.244217
1722;-0.031067;0.874130;0.308228
1723;0.116531;0.966705;0.374100
1724;-0.140015;1.073563;0.256531
1725;-0.213257;1.200592;0.464661
1726;-0.226654;2.189621;0.138931
1727;-0.854614;1.296112;1.127823
1728;0.197372;1.209930;0.228821
1729;-0.023560;0.189926;0.367294
1730;0.220230;0.417816;0.023331
1731;0.001251;0.456375;-0.020462
1732;0.267578;0.847412;0.103378
1733;0.100632;1.631454;0.570023
1734;0.755585;1.831039;0.622528
1735;2.073334;0.064804;0.108719
1736;0.539413;0.963913;0.315506
1737;0.198929;1.100113;0.964462
1738;0.614853;1.044479;0.490189
1739;-0.078568;0.924103;0.577957
1740;0.202011;1.046432;0.408508
1741;0.084564;1.016373;0.373169
1742;-0.037613;0.963257;0.339783
1743;-0.074432;0.922836;0.257111
1744;-0.085358;0.890152;0.369080
1745;-0.112717;1.018936;0.268875
1746;-0.103317;0.979233;0.285156
1747;0.137161;1.812943;0.227890
1748;-1.509491;1.622498;0.889633
1749;0.077209;1.485489;0.277542
1750;1.044998;0.208191;0.981461
1751;0.047913;0.419083;0.153061
1752;0.124100;0.466263;0.111664
1753;0.077133;0.741135;0.224518
1754;-0.120178;1.270432;0.503601
1755;0.774567;1.775833;0.378464
1756;0.346130;1.614700;0.752884
1757;0.977585;1.271255;0.703186
1758;-1.118805;1.840210;-0.551010
1759;0.921631;1.942993;0.565842
1760;0.385147;0.879761;0.724625
1761;0.035339;1.029465;0.522873
1762;0.203873;1.043594;0.326416
1763;-0.001465;0.932724;0.448257
1764;-0.077469;0.966553;0.314697
1765;-0.026443;0.932068;0.278122
1766;0.000626;1.007309;0.312729
1767;-0.136398;1.098663;0.253250
1768;-0.162811;1.212982;0.518478
1769;-0.158569;2.047379;0.269608
1770;-0.926636;1.259766;0.994522
1771;0.254730;1.099335;0.204086
1772;-0.043777;0.287827;0.219742
1773;-0.090927;0.490112;-0.168839
1774;0.081436;0.623093;-0.053665
1775;0.135574;0.811142;0.047546
1776;0.045898;1.668259;0.361954
1777;0.377625;2.020203;0.603821
1778;2.064163;-0.171890;-0.276169
1779;1.305542;0.733765;0.272964
1780;-0.365051;1.128159;0.996384
1781;1.143768;0.439346;0.613068
1782;0.326340;1.296356;0.391083
1783;0.169205;1.037949;0.417068
1784;0.034744;0.943604;0.417984
1785;-0.076843;0.928009;0.272095
1786;-0.095764;0.858429;0.309280
1787;-0.036835;0.906250;0.349365
1788;-0.009064;0.997711;0.288925
1789;-0.120132;1.024612;0.354385
1790;0.232742;1.464355;0.408661
1791;-0.537781;2.309433;-0.190598
1792;-0.303513;1.411789;0.953003
1793;0.493881;0.947601;0.413559
1794;0.020386;0.236771;0.365891
1795;0.189636;0.496536;0.038574
1796;-0.075928;0.436295;0.213791
1797;0.114197;0.953827;0.205490
1798;0.249023;1.794281;0.516785
1799;0.679199;1.899628;0.617783
1800;1.825684;-0.245743;0.020386
1801;0.827972;0.595627;0.477264
1802;0.584137;1.118790;1.025543
1803;0.969009;0.758774;0.429581
1804;-0.111511;1.143158;0.593445
1805;0.094254;1.028214;0.422363
1806;-0.097687;0.969070;0.393295
1807;-0.127960;0.894241;0.330276
1808;-0.130737;0.878662;0.300949
1809;-0.039246;0.960602;0.339096
1810;-0.001038;1.060287;0.322540
1811;-0.176575;1.093094;0.291656
1812;0.277954;1.475693;0.338776
1813;-0.826218;2.286728;-0.063766
1814;-0.181503;1.545135;0.778931
1815;0.675323;0.764221;0.490570
1816;0.025955;0.275833;0.336273
1817;0.116455;0.398911;0.090988
1818;-0.029129;0.486969;0.264236
1819;0.056229;1.038681;0.334824
1820;0.467880;2.000137;0.532730
1821;0.314133;1.886230;0.811691
1822;1.344818;0.862808;0.450333
1823;-1.121262;2.355331;-1.258972
1824;0.066559;1.161621;0.892639
1825;0.745544;1.812134;-0.098541
1826;0.413208;1.072540;0.310852
1827;0.109940;1.025085;0.394150
1828;0.025162;0.951401;0.412933
1829;-0.097443;0.920258;0.322128
1830;-0.006805;0.881561;0.261948
1831;-0.032944;0.978760;0.307816
1832;-0.128113;1.104202;0.277451
1833;-0.216736;1.206345;0.421646
1834;-0.091980;1.889832;0.251816
1835;-1.438049;1.301758;1.040695
1836;0.075867;1.197205;0.306763
1837;0.139771;0.298431;0.612289
1838;0.270309;0.371765;0.169968
1839;0.142319;0.461227;0.017410
1840;0.061523;0.825562;0.093994
1841;0.054230;1.573502;0.455658
1842;0.560318;1.753525;0.522385
1843;2.395493;1.000763;0.147568
1844;-0.024429;0.592651;0.975784
1845;0.503983;1.186172;0.339676
1846;0.865982;0.676086;0.231827
1847;-0.155136;1.168732;0.546753
1848;0.217194;1.094376;0.360123
1849;-0.008774;1.004105;0.395233
1850;-0.050766;0.951904;0.303345
1851;-0.034882;0.920105;0.302338
1852;-0.052765;0.938385;0.347382
1853;-0.112198;1.021912;0.310852
1854;-0.040451;1.046249;0.321823
1855;0.140457;1.535355;0.359146
1856;-1.105637;1.828384;0.319580
1857;0.146957;1.600281;0.534531
1858;1.004929;0.581879;0.503799
1859;-0.031235;0.337860;0.162354
1860;0.159409;0.469894;-0.009750
1861;-0.044327;0.626266;0.128067
1862;0.018204;1.074875;0.280792
1863;0.482422;1.999222;0.447296
1864;0.442886;1.865936;0.677170
1865;0.522537;1.849503;0.803391
1866;-0.667648;2.025497;-0.172760
1867;0.139572;0.213181;0.365448
1868;-0.202072;1.206940;0.343872
1869;0.338547;1.063278;0.340942
1870;0.148193;1.085114;0.286163
1871;-0.037155;0.958450;0.368668
1872;-0.002670;0.892746;0.312164
1873;-0.078568;0.904312;0.348404
1874;0.071487;1.020645;0.258881
1875;-0.077026;1.102356;0.290161
1876;-0.122910;1.272110;0.508087
1877;-0.463074;2.481949;0.068466
1878;-0.253830;1.470062;0.806580
1879;0.754929;0.887695;0.599701
1880;-0.101959;0.376511;0.148575
1881;0.017654;0.436752;0.078644
1882;0.194092;0.687332;0.013657
1883;-0.003830;0.942291;0.327148
1884;0.495544;1.928268;0.336014
1885;0.379120;1.709137;0.792480
1886;1.786545;0.252747;0.093033
1887;0.245834;1.208572;0.261780
1888;0.969284;1.483902;0.804245
1889;0.383911;0.626587;0.854309
1890;-0.014694;1.123459;0.508118
1891;0.219376;1.052979;0.370987
1892;-0.056961;0.934174;0.417953
1893;-0.094986;0.898575;0.366379
1894;-0.178589;0.889709;0.285431
1895;-0.090256;0.989792;0.347733
1896;-0.102112;1.127762;0.369125
1897;-0.163727;0.936081;0.365356
1898;0.121628;1.788025;0.080490
1899;-1.507919;1.402969;0.839920
1900;0.279099;1.527084;0.378525
1901;0.941589;0.255890;0.786926
1902;-0.078644;0.299683;0.091354
1903;0.061508;0.485092;0.014603
1904;0.114960;0.759598;0.180359
1905;-0.035263;1.241409;0.540268
1906;0.721542;1.707214;0.537964
1907;0.723129;1.648682;0.291336
1908;0.266983;1.713165;0.745438
1909;-1.712540;2.069992;-1.056824
1910;0.450546;1.512756;-0.577927
1911;0.001617;1.169983;0.227722
1912;0.321136;1.080795;0.384018
1913;0.108582;1.107025;0.346832
1914;-0.060349;0.975250;0.354401
1915;-0.100281;0.922668;0.197571
1916;-0.121368;0.835861;0.350052
1917;0.015305;1.018250;0.277039
1918;-0.061218;1.157684;0.342606
1919;-0.051575;1.375580;0.456818
1920;-0.436218;2.577698;-0.096573
1921;-0.249283;1.632599;0.659653
1922;0.675720;0.825180;0.518021
1923;-0.009521;0.360840;0.196625
1924;0.068680;0.405746;-0.022522
1925;0.101746;0.573135;0.088562
1926;0.059326;0.912140;0.150589
1927;0.428925;1.885010;0.311142
1928;0.169174;2.069733;0.829071
1929;1.297195;0.709213;0.467606
1930;-0.206253;1.894577;-0.651138
1931;0.713821;1.571426;1.091949
1932;0.300751;1.407211;0.575897
1933;0.257126;1.006882;0.450516
1934;0.121399;1.058807;0.388535
1935;0.069733;0.964737;0.355057
1936;-0.099472;0.932861;0.271729
1937;-0.044754;0.892227;0.268021
1938;0.020447;0.952942;0.310059
1939;-0.174469;0.999283;0.371902
1940;-0.088150;1.027283;0.260635
1941;0.088928;1.698792;0.210922
1942;-1.443542;1.483765;0.906204
1943;0.145065;1.584351;0.148529
1944;0.756134;0.268143;0.899841
1945;0.130753;0.361328;-0.025940
1946;0.060623;0.411301;-0.000885
1947;0.048691;0.793259;0.056595
1948;0.028763;1.302902;0.366989
1949;0.550385;1.846985;0.389206
1950;0.964951;1.747284;0.338501
1951;0.173096;1.492340;0.956161
1952;-1.339127;2.168045;-1.165588
1953;0.554993;1.568359;0.214996
1954;0.219177;1.176468;0.293854
1955;0.348694;1.046036;0.341797
1956;0.087784;1.056992;0.354782
1957;-0.077408;0.920074;0.373352
1958;-0.030502;0.930634;0.258331
1959;-0.078598;0.845367;0.362045
1960;0.066956;1.017624;0.354141
1961;-0.126038;1.091446;0.281952
1962;-0.094543;1.221344;0.402039
1963;-0.340240;2.154663;0.112976
1964;-1.131607;1.290115;1.224197
1965;0.101608;1.270203;0.226151
1966;0.104279;0.440430;0.299530
1967;0.101624;0.289307;0.054794
1968;-0.025803;0.440262;0.090958
1969;0.088394;0.858246;0.173584
1970;0.206390;1.547577;0.452469
1971;0.533310;1.850327;0.695297
1972;1.894455;0.866699;0.367432
1973;0.749649;0.874786;0.532104
1974;0.733749;1.359543;0.586884
1975;0.913605;0.690140;0.735001
1976;-0.128647;1.051987;0.624695
1977;0.184723;1.028046;0.421722
1978;-0.010086;1.007370;0.374634
1979;-0.127884;0.899460;0.312439
1980;-0.064987;0.914734;0.284164
1981;-0.030823;0.909653;0.378815
1982;-0.107803;1.036270;0.307236
1983;-0.162842;0.996536;0.290939
1984;0.113281;1.661438;0.299057
1985;-1.330933;1.770523;0.642395
1986;0.011215;1.613403;0.313858
1987;1.065369;0.352341;0.795029
1988;0.005112;0.373581;0.255157
1989;0.169250;0.515335;0.057709
1990;-0.082962;0.737366;0.140167
1991;-0.084732;1.075180;0.465042
1992;0.628387;2.084625;0.465805
1993;0.637924;1.691849;0.838608
1994;0.940063;1.568939;0.598404
1995;-1.152786;2.277756;-0.755386
1996;0.897171;1.918640;1.059372
1997;0.539627;1.573715;0.157928
1998;0.342712;1.008331;0.373032
1999;0.169891;1.037582;0.349442
2000;0.030853;0.952957;0.376190
2001;-0.044403;0.956635;0.236435
2002;-0.217606;0.850113;0.353210
2003;0.035080;1.007935;0.289413
2004;-0.097092;1.150269;0.320892
2005;-0.158798;1.243851;0.522751
2006;-0.195129;2.107208;0.103043
2007;-0.744141;1.342407;1.069489
2008;0.408585;1.121918;0.337372
2009;-0.139847;0.201233;0.348572
2010;0.093430;0.506561;0.077866
2011;0.086670;0.555908;0.201996
2012;-0.010468;0.767075;0.287567
2013;0.287231;1.723236;0.529449
2014;0.389328;1.859940;0.678101
2015;1.438065;0.942703;0.539322
2016;0.077393;0.928726;0.692444
2017;0.179398;1.349762;0.189056
2018;0.765930;0.449799;0.371017
2019;-0.312881;1.071304;0.628204
2020;0.296951;1.062378;0.361237
2021;0.043625;1.009872;0.360626
2022;-0.051636;0.926834;0.345352
2023;-0.179123;0.917160;0.289139
2024;-0.158951;0.909576;0.248657
2025;-0.023163;1.052475;0.326309
2026;-0.166473;1.116852;0.391434
2027;0.048599;1.489243;0.373398
2028;-0.935623;2.055176;0.244400
2029;-0.097824;1.707977;0.469238
2030;1.060532;0.478561;0.786865
2031;-0.121338;0.365555;0.114517
2032;0.139801;0.479965;0.059341
2033;-0.006012;0.706070;0.055145
2034;-0.022415;1.124100;0.313583
2035;0.481918;2.001404;0.330673
2036;0.488846;1.834396;0.731552
2037;0.861832;1.457550;0.711670
2038;-0.974548;2.231827;-0.773056
2039;0.915634;1.806290;0.528915
2040;0.240738;1.243896;0.287064
2041;0.309311;1.013168;0.439224
2042;0.147720;1.077866;0.324844
2043;0.006973;0.946640;0.359085
2044;-0.098297;0.928040;0.248077
2045;-0.166733;0.842834;0.323181
2046;0.119492;1.062485;0.315048
2047;-0.034653;1.172409;0.291122
2048;-0.047729;1.291367;0.450211
2049;-0.207535;2.169632;0.025467
2050;-1.061737;1.615524;1.077927
2051;0.318542;1.124130;0.388184
2052;-0.000885;0.333633;0.271332
2053;-0.050629;0.427246;0.216721
2054;0.046143;0.587891;0.189346
2055;0.052933;0.879898;0.285873
2056;0.198608;1.660995;0.466263
2057;0.470596;1.836044;0.691055
2058;2.329849;0.476364;-0.005783
2059;0.541656;0.469482;0.966431
2060;0.431702;0.925217;0.656326
2061;0.880280;0.736603;0.329407
2062;-0.046692;1.185547;0.657089
2063;0.241760;1.071274;0.362900
2064;0.034195;1.016205;0.300064
2065;-0.216782;0.883270;0.321396
2066;-0.086060;0.865860;0.239014
2067;0.061874;1.044815;0.356232
2068;-0.135742;1.106888;0.299622
2069;-0.216385;1.306046;0.478699
2070;-0.439835;2.144196;0.273575
2071;-0.520493;1.252029;0.866455
2072;0.322632;1.181015;0.329346
2073;-0.122070;0.381760;0.302582
2074;0.109329;0.505692;0.040375
2075;-0.015854;0.522949;0.165604
2076;0.067307;0.833786;0.194962
2077;0.204437;1.643707;0.439285
2078;0.378174;1.698151;0.584244
2079;2.192017;0.650909;0.097977
2080;0.292740;0.638443;0.689682
2081;1.247421;1.101227;0.983368
2082;0.505310;0.605392;1.024399
2083;0.202484;1.043488;0.593201
2084;0.170303;1.021423;0.440445
2085;0.028122;1.029129;0.327728
2086;-0.115051;0.956406;0.268448
2087;-0.073883;0.890350;0.270859
2088;-0.146667;0.890808;0.406464
2089;-0.293137;1.034332;0.331924
2090;-0.234955;1.199005;0.488846
2091;-0.054184;1.738693;0.251190
2092;-1.273605;1.457565;0.934937
2093;-0.034607;1.668076;0.444214
2094;0.434097;0.387787;0.597580
2095;-0.032547;0.291718;0.187653
2096;0.213867;0.489655;0.045090
2097;-0.029205;0.716324;0.276688
2098;-0.042191;1.320053;0.456100
2099;0.650238;1.792053;0.399002
2100;0.826950;1.537170;0.299866
2101;0.455215;1.431381;0.713409
2102;-1.345657;2.048950;-1.177399
2103;0.432800;1.023727;1.283066
2104;0.250320;1.269135;0.291580
2105;0.305283;1.024078;0.365265
2106;0.054657;1.022232;0.383026
2107;-0.128983;0.895859;0.357132
2108;-0.179749;0.898453;0.275635
2109;-0.152054;0.908478;0.319565
2110;-0.033325;1.049652;0.282898
2111;-0.149796;1.045471;0.381348
2112;-0.034317;1.648972;0.415741
2113;-0.870026;1.855804;0.514603
2114;0.162964;1.666443;0.189240
2115;0.234848;0.723099;0.264740
2116;-0.413635;0.479523;-0.119415
2117;0.138077;0.522827;-0.129089
2118;0.018188;0.737625;0.059097
2119;0.216980;1.374100;0.169464
2120;0.419312;1.866760;0.479645
2121;1.034836;1.792343;0.210800
2122;0.209717;1.488953;0.950256
2123;-0.159470;1.452835;-0.163452
2124;1.670120;1.561417;2.143906
2125;-0.586884;0.715729;1.516464
2126;0.120529;0.874969;0.514969
2127;-0.026047;1.024399;0.270187
2128;-0.168381;0.957550;0.243881
2129;-0.133118;0.886337;0.271835
2130;0.001144;0.953918;0.337738
2131;-0.134872;0.981476;0.432632
2132;-0.189423;1.205246;0.417419
2133;-0.251190;1.890320;0.199509
2134;-1.006317;1.476074;0.826782
2135;0.008621;1.639648;0.233383
2136;0.274200;0.739288;0.294067
2137;-0.295364;0.357574;0.082504
2138;0.079544;0.523834;0.128326
2139;0.018295;0.785843;0.089462
2140;0.164001;1.288391;0.249023
2141;0.452438;1.680893;0.514420
2142;1.141647;1.590210;0.292999
2143;0.161209;1.485092;1.091827
2144;-0.931473;1.769424;-0.675720
2145;1.089371;1.528030;0.873260
2146;-0.111710;0.934052;0.780991
2147;0.276123;1.043793;0.328232
2148;0.005112;0.994843;0.378983
2149;-0.077301;0.909042;0.337570
2150;-0.065109;0.978821;0.215057
2151;-0.122604;0.921799;0.291656
2152;-0.026199;0.959427;0.360397
2153;-0.051437;1.177643;0.316635
2154;0.081924;1.519852;0.242233
2155;-0.823334;2.031113;0.267578
2156;-0.101318;1.761658;0.476944
2157;1.107590;0.602875;0.895432
2158;-0.303024;0.348587;0.105438
2159;0.142136;0.359116;0.213455
2160;0.021179;0.694229;0.157745
2161;-0.005035;1.038605;0.437531
2162;0.554596;1.865433;0.350845
2163;0.307480;1.799072;0.727692
2164;1.416367;0.747177;0.290909
2165;-0.251755;2.106873;-0.538834
2166;0.773788;1.051514;0.991928
2167;0.503418;1.572235;0.107086
2168;0.338181;1.034271;0.372589
2169;0.075867;1.059784;0.380936
2170;-0.012939;0.984146;0.324677
2171;-0.078583;0.951752;0.259888
2172;-0.098495;0.802032;0.285034
2173;0.010483;1.063568;0.298004
2174;-0.245956;1.116425;0.399017
2175;0.044067;1.416321;0.526169
2176;-0.438858;2.141571;0.146912
2177;-0.979645;1.410385;1.144119
2178;0.584900;1.101105;0.449890
2179;-0.293381;0.412384;0.139832
2180;0.097458;0.377197;0.157349
2181;0.092468;0.748093;0.033005
2182;0.042435;0.952927;0.303802
2183;0.377869;1.788925;0.357697
2184;0.294907;1.929688;0.761261
2185;1.880234;0.617065;-0.037888
2186;0.719559;0.818558;0.783051
2187;-0.294205;1.111450;0.020309
2188;0.638992;1.258026;0.039276
2189;-0.114563;1.082458;0.557602
2190;0.277786;1.140182;0.275253
2191;0.041046;1.010834;0.329025
2192;-0.103378;0.902725;0.268158
2193;-0.100632;0.937500;0.173080
2194;-0.069473;0.993042;0.329285
2195;-0.176819;1.060257;0.362091
2196;-0.067993;1.333542;0.456100
2197;-0.383408;2.013412;0.181427
2198;-1.092239;1.254761;1.139359
2199;0.079620;1.305603;0.264923
2200;-0.054382;0.371063;0.280304
2201;0.106491;0.400879;0.051376
2202;-0.019333;0.474716;0.144867
2203;0.117630;0.873535;0.162628
2204;0.082138;1.512497;0.454453
2205;0.488174;1.709381;0.613083
2206;1.977417;1.231491;0.262085
2207;0.165665;0.714981;1.207428
2208;0.885956;1.237350;0.298706
2209;0.853088;0.603592;0.606796
2210;-0.062866;1.135910;0.577301
2211;0.187561;1.039978;0.441193
2212;0.001312;1.026428;0.315460
2213;-0.112396;0.945267;0.260056
2214;-0.122955;0.936600;0.269821
2215;0.015442;1.067307;0.255020
2216;-0.173538;1.060043;0.333725
2217;-0.251526;1.068588;0.333694
2218;-0.100327;1.852448;0.285049
2219;-1.189026;1.222626;1.103836
2220;0.269745;1.429825;-0.071594
2221;-0.168869;0.366837;0.526108
2222;0.140778;0.436340;0.053299
2223;0.016708;0.484375;0.115417
2224;0.098373;0.821030;0.122345
2225;-0.038208;1.320389;0.437668
2226;0.542206;2.005020;0.331879
2227;0.828293;1.744308;0.670654
2228;0.662872;1.648895;0.514618
2229;-1.345856;1.730347;-0.165421
2230;1.271744;2.283768;0.245972
2231;0.045364;1.073181;0.409531
2232;0.372208;1.056213;0.334259
2233;0.083435;1.053009;0.382675
2234;-0.095581;0.977081;0.312180
2235;-0.115616;0.875778;0.297775
2236;-0.310806;0.831223;0.408447
2237;0.094971;1.077545;0.257797
2238;-0.162674;1.163010;0.362823
2239;-0.100098;1.314331;0.462921
2240;-0.492691;1.956985;0.146713
2241;-0.553665;1.541885;0.899292
2242;0.320892;1.125031;0.303192
2243;-0.077942;0.314774;0.236542
2244;0.109009;0.396103;0.080444
2245;-0.131836;0.601028;0.194717
2246;0.102554;0.868179;0.235077
2247;0.073532;1.529465;0.528366
2248;0.589661;1.881195;0.562958
2249;2.121323;0.801132;0.206024
2250;0.402512;0.630737;0.878494
2251;0.776245;0.972565;0.339462
2252;0.458038;0.579269;0.500381
2253;-0.056244;1.128296;0.538651
2254;0.149536;1.040482;0.395599
2255;-0.008575;1.002625;0.350800
2256;-0.120193;0.907211;0.344727
2257;-0.089890;0.913696;0.291092
2258;0.076065;0.984970;0.346161
2259;-0.108002;1.065338;0.316971
2260;-0.209885;1.048599;0.431580
2261;0.025574;1.780151;0.125198
2262;-1.200974;1.314514;0.961090
2263;-0.018219;1.459244;0.138702
2264;0.206863;0.446228;0.565536
2265;0.055573;0.439545;0.059982
2266;0.033875;0.493881;0.048874
2267;0.086761;0.836136;0.170319
2268;-0.055023;1.263611;0.474625
2269;0.629486;1.913239;0.391449
2270;0.857315;1.660492;0.529007
2271;0.183365;1.709183;0.786972
2272;-1.116806;1.636383;-0.167084
2273;1.323853;2.036301;0.571289
2274;0.133713;0.988739;0.724854
2275;0.054932;1.020599;0.474319
2276;0.206207;1.063568;0.277008
2277;-0.016754;0.929871;0.292847
2278;-0.136627;0.934387;0.245850
2279;-0.142944;0.907547;0.258972
2280;0.034515;1.043610;0.379868
2281;-0.011337;1.107208;0.331604
2282;-0.240982;1.282654;0.452957
2283;-0.256989;1.846283;0.141571
2284;-1.138626;1.561249;1.092789
2285;0.128860;1.326950;0.170670
2286;-0.086182;0.278610;0.446060
2287;0.011826;0.516998;0.005478
2288;0.009338;0.556061;0.138901
2289;-0.019699;0.851166;0.208145
2290;0.186203;1.522964;0.363083
2291;0.713867;1.793503;0.691711
2292;1.955872;1.445114;0.490921
2293;-0.231323;1.181229;0.890961
2294;0.906387;1.817566;-0.442566
2295;0.207352;0.732101;1.035233
2296;0.144852;1.281418;0.320770
2297;0.281967;1.105087;0.300705
2298;-0.040054;1.029892;0.327972
2299;-0.153183;0.914337;0.314667
2300;-0.108932;0.948746;0.290482
2301;-0.100815;0.989441;0.296036
2302;-0.088913;1.120728;0.321915
2303;-0.181320;1.204193;0.398773
2304;-0.082947;1.725433;0.282822
2305;-1.082336;1.439362;0.976135
2306;-0.222427;1.438538;0.262573
2307;0.307663;0.485184;0.507416
2308;-0.104614;0.514526;0.069611
2309;0.092377;0.448273;0.075775
2310;0.086411;0.818024;0.098953
2311;-0.033051;1.285416;0.354492
2312;0.456085;2.066391;0.339645
2313;0.940186;1.826630;0.354004
2314;0.500443;1.579254;0.943726
2315;-1.593903;2.037720;-0.726166
2316;0.501541;1.188400;0.242828
2317;0.343094;1.263504;0.246185
2318;0.253448;1.055664;0.321609
2319;0.021439;1.047897;0.396362
2320;-0.035751;0.955856;0.336121
2321;-0.073257;0.954605;0.276596
2322;-0.063950;0.915222;0.317093
2323;0.028625;1.094070;0.317581
2324;-0.076126;1.190338;0.233978
2325;-0.124268;1.384155;0.541245
2326;-0.608734;1.961182;0.206970
2327;-0.601776;1.601654;0.989731
2328;0.626587;0.855347;0.920044
2329;-0.218338;0.609207;-0.072937
2330;0.078476;0.349960;0.339813
2331;0.019806;0.762573;-0.068665
2332;0.036224;0.949707;0.213852
2333;0.240204;1.795181;0.376495
2334;0.653183;1.745056;0.730072
2335;2.134079;-0.270935;-0.146088
2336;-0.045074;1.193634;0.270691
2337;0.902985;1.668411;0.415970
2338;0.912476;1.304077;0.274048
2339;0.026489;1.099258;0.521744
2340;0.103607;1.006958;0.377182
2341;-0.011383;1.003555;0.291245
2342;-0.148987;0.902588;0.323502
2343;-0.137054;0.931580;0.277451
2344;0.004166;1.010986;0.325653
2345;-0.153107;1.156265;0.349808
2346;-0.142258;1.265579;0.401810
2347;-0.148727;1.833801;0.178101
2348;-1.167343;1.558960;1.097336
2349;-0.099258;1.158493;0.283859
2350;0.086456;0.373734;0.119781
2351;-0.069443;0.356689;0.136368
2352;0.087067;0.723267;0.056335
2353;0.032593;0.965302;0.262024
2354;-0.075226;1.439529;0.513840
2355;0.788651;1.925613;0.363419
2356;1.142532;1.703461;0.416595
2357;0.295944;1.167892;0.915543
2358;-1.308350;1.533066;-0.727921
2359;0.682816;1.005264;1.197449
2360;0.410172;1.142334;0.456619
2361;0.137848;0.949646;0.402161
2362;0.033203;0.998184;0.363739
2363;-0.042343;0.949829;0.313766
2364;-0.058975;0.949005;0.261063
2365;-0.201935;0.883133;0.369858
2366;-0.097641;1.077133;0.312729
2367;-0.089996;1.194717;0.236298
2368;0.003952;1.473083;0.519562
2369;-0.656677;2.206863;0.299271
2370;-0.423798;1.759888;0.707458
2371;1.021881;0.679184;0.862930
2372;-0.318649;0.475174;0.139450
2373;0.205734;0.376236;0.233383
2374;0.078293;0.705032;0.074875
2375;-0.011856;1.013977;0.271622
2376;0.380203;2.009354;0.365967
2377;0.717926;1.988480;0.512451
2378;1.729813;0.376495;0.200302
2379;-0.623352;1.640869;-0.077057
2380;0.895615;1.545944;0.409897
2381;0.393112;1.335739;0.368942
2382;0.165833;1.060257;0.362411
2383;0.153854;1.072815;0.369827
2384;0.000000;0.956146;0.390854
2385;-0.012497;0.956757;0.292908
2386;-0.247879;0.816772;0.350494
2387;-0.056580;1.066391;0.334625
2388;-0.135712;1.166855;0.306702
2389;-0.180862;1.320435;0.345474
2390;-0.302185;1.910736;0.165482
2391;-0.942551;1.647125;0.980270
2392;0.500031;0.986984;0.681519
2393;-0.061798;0.439209;-0.043350
2394;0.022720;0.321350;0.074982
2395;0.174561;0.699600;-0.022171
2396;0.077377;0.873032;0.203537
2397;0.360992;1.786377;0.308502
2398;0.323685;1.933609;0.837479
2399;2.131470;0.175293;0.152176
2400;1.220505;0.625168;0.529221
2401;-1.072693;0.999023;0.401962
2402;1.393600;0.592041;-0.659729
2403;-0.066910;1.293640;0.505966
2404;0.284424;1.282898;0.152466
2405;0.026810;0.939697;0.339508
2406;-0.105469;0.946915;0.120407
2407;-0.188828;0.902603;0.182327
2408;-0.049683;1.080383;0.259369
2409;-0.124786;0.980728;0.404602
2410;-0.161514;1.293137;0.342102
2411;-0.329453;1.745346;0.215881
2412;-0.860336;1.693008;0.785248
2413;0.018188;1.512650;0.147568
2414;-0.323151;0.529419;0.525253
2415;0.098938;0.654282;0.168137
2416;0.074692;0.526489;0.192474
2417;0.036057;0.752335;0.197510
2418;0.042557;1.325851;0.346893
2419;0.370926;1.946655;0.525375
2420;1.452408;1.665665;0.468384
2421;-0.090363;1.409927;0.916870
2422;-0.721024;2.020981;-1.244446
2423;0.400421;0.593552;0.756485
2424;0.261429;1.431229;0.206436
2425;0.228912;1.070618;0.285904
2426;0.099243;0.995422;0.441818
2427;-0.059418;0.969757;0.313171
2428;-0.032730;0.938797;0.260712
2429;-0.339584;0.875183;0.290268
2430;-0.061600;1.087906;0.225693
2431;-0.253906;1.141159;0.377655
2432;-0.131348;1.359131;0.369736
2433;-0.597763;1.871506;0.111160
2434;-0.530243;1.359421;0.942017
2435;0.427338;1.309036;0.423569
2436;-0.103500;0.485870;0.319672
2437;0.102646;0.477402;0.136581
2438;0.016327;0.520432;0.179169
2439;-0.062927;0.827682;0.235870
2440;0.022552;1.393097;0.392136
2441;0.298676;2.027222;0.471573
2442;1.567245;1.140732;0.479538
2443;0.223465;1.145859;0.674576
2444;-1.500198;1.923172;-1.125687
2445;0.349045;1.109497;0.625656
2446;0.464890;1.408340;0.350357
2447;-0.089294;1.000702;0.493652
2448;0.052231;0.998047;0.421051
2449;-0.017960;0.966309;0.281860
2450;-0.076920;0.975891;0.270187
2451;-0.215469;0.931046;0.181488
2452;0.058624;1.076080;0.313095
2453;-0.297852;1.144547;0.387680
2454;-0.174896;1.443924;0.387375
2455;-0.758591;2.072784;0.246826
2456;-0.060577;1.612350;0.608215
2457;0.782883;0.716339;0.777740
2458;-0.174835;0.569931;0.135849
2459;0.167953;0.408279;0.030075
2460;0.032333;0.651474;0.050522
2461;-0.018982;0.952499;0.271942
2462;0.238297;1.796555;0.347458
2463;0.421265;1.609146;0.573486
2464;1.687881;0.253235;-0.035721
2465;0.366989;1.546005;0.071335
2466;0.878952;1.408508;0.401581
2467;0.357269;1.794464;0.153412
2468;-0.030014;0.936768;0.503036
2469;0.138092;1.018799;0.457123
2470;0.029663;1.030945;0.317459
2471;-0.042252;0.952744;0.266495
2472;-0.074066;0.987991;0.196762
2473;-0.082443;1.003265;0.269577
2474;-0.283554;0.922928;0.472336
2475;-0.071045;1.366211;0.479675
2476;-0.423172;1.627930;0.379059
2477;-0.673096;1.449875;0.488861
2478;0.055588;1.538879;0.091751
2479;-0.175629;0.668747;0.576645
2480;0.012619;0.766251;-0.022659
2481;0.101944;0.657135;0.030060
2482;-0.100769;0.778854;0.033844
2483;0.024490;1.130249;0.181458
2484;0.128601;1.981949;0.377213
2485;0.659897;1.632294;0.699188
2486;0.844559;0.367081;0.662170
2487;0.729080;0.954865;0.717209
2488;1.456741;1.540955;0.323807
2489;-0.029144;1.691574;0.365753
2490;0.014496;0.974472;0.452850
2491;-0.056519;1.043320;0.290894
2492;-0.020401;0.966080;0.231079
2493;-0.206467;0.953171;0.241760
2494;-0.178604;0.898453;0.260498
2495;-0.071503;0.999252;0.321472
2496;-0.150864;0.936401;0.387650
2497;0.002014;1.106552;0.155899
2498;-0.179077;1.412750;0.310959
2499;-0.542618;1.861908;0.290039
2500;-0.520203;1.020599;0.702255
2501;0.241684;1.285019;0.242584
2502;0.052032;0.459625;0.464828
2503;0.140671;0.315292;0.113464
2504;-0.064270;0.602234;0.200058
2505;0.079971;0.904419;0.239655
2506;-0.041962;1.161026;0.490707
2507;0.171875;1.726624;0.363892
2508;0.432617;1.525192;0.303177
2509;0.974396;0.529282;0.181473
2510;0.117554;0.700470;0.450943
2511;-1.152298;1.749680;-0.181458
2512;0.975204;3.092041;-0.257950
2513;-0.528549;0.768051;1.042450
2514;-0.243835;1.250198;-0.090042
2515;0.014755;0.998779;0.292068
2516;-0.253433;1.008560;0.141083
2517;-0.312012;0.907959;0.331070
2518;-0.356735;0.891678;0.182526
2519;-0.371536;0.854568;0.237747
2520;-0.135971;0.998672;0.174042
2521;-0.223557;1.027161;0.293747
2522;-0.146484;0.983002;0.111038
2523;-0.116470;0.995789;0.157623
2524;-0.080414;0.964203;0.122726
2525;-0.051514;1.011276;0.059937
2526;-0.210297;0.963242;0.153671
2527;-0.104538;0.975525;0.040985
2528;-0.148376;0.987747;0.104126
2529;-0.107758;0.973038;0.092377
2530;-0.140884;0.989853;0.117279
2531;-0.121933;0.986649;0.092697
2532;-0.115555;0.965134;0.097458
2533;-0.117874;0.997650;0.104019
2534;-0.108261;0.979523;0.110931
2535;-0.152084;0.987549;0.102875
2536;-0.147232;0.997681;0.126862
2537;-0.141281;0.975464;0.125656
2538;-0.097519;1.005508;0.108963
2539;-0.153503;0.992950;0.120667
2540;-0.113251;0.989410;0.113434
2541;-0.152298;0.984680;0.117798
2542;-0.169022;0.985687;0.132706
2543;-0.158157;0.985062;0.127884
2544;-0.154373;0.984222;0.129227
2545;-0.156967;0.978439;0.121719
2546;-0.155487;0.978699;0.131912
2547;-0.155914;0.986420;0.143753
2548;-0.157684;0.979507;0.128769
2549;-0.155853;0.977585;0.125732
2550;-0.145706;0.987579;0.132721
2551;-0.143311;0.977875;0.130783
2552;-0.149231;0.989563;0.133057
2553;-0.162506;0.979965;0.137772
2554;-0.139145;0.983093;0.132843
2555;-0.152802;0.982620;0.134415
2556;-0.158325;0.988159;0.143204
2557;-0.168594;0.977936;0.139267
2558;-0.156189;0.976852;0.134369
2559;-0.134872;0.980698;0.127792
2560;-0.134079;0.988068;0.135590
2561;-0.139267;0.986298;0.131638
2562;-0.148819;0.986801;0.134232
2563;-0.154358;0.979584;0.136215
2564;-0.136612;0.985580;0.136322
2565;-0.142487;0.989761;0.138016
2566;-0.135406;0.978378;0.136047
2567;-0.135498;0.986938;0.138031
2568;-0.141220;0.979340;0.134567
2569;-0.140884;0.986740;0.132980
2570;-0.136536;0.986542;0.138046
2571;-0.155869;0.986572;0.128052
2572;-0.135651;0.987701;0.135284
