index;x;y;z
0;-0.063049;1.016052;0.120316
1;-0.051392;0.993530;0.128830
2;-0.053696;0.992828;0.116455
3;-0.051910;0.994247;0.116318
4;-0.060913;0.989197;0.114349
5;-0.064468;0.989975;0.126831
6;-0.054398;0.988495;0.129013
7;-0.049759;0.988983;0.108231
8;-0.051178;0.993149;0.110275
9;-0.037949;1.000549;0.120911
10;-0.045502;1.002792;0.133972
11;-0.011307;1.004807;0.141647
12;0.007294;0.993744;0.139481
13;0.008026;0.982376;0.158676
14;0.030426;1.019714;0.129028
15;-0.007248;1.006516;0.115219
16;-0.040283;0.965591;0.097321
17;-0.068542;0.988724;0.125214
18;-0.078659;0.987015;0.098022
19;-0.120377;0.995132;0.100189
20;-0.115753;0.990234;0.129013
21;-0.104050;0.981049;0.116760
22;-0.130310;0.986099;0.102554
23;-0.106110;0.976471;0.130905
24;-0.007339;0.998642;0.133499
25;-0.008240;1.005508;0.128922
26;0.023636;1.006165;0.106216
27;-0.025650;0.990158;0.128281
28;-0.051620;0.999908;0.154633
29;0.061020;1.024994;0.138275
30;0.318680;1.139359;0.062729
31;0.363007;1.910995;0.156815
32;0.180252;1.839691;0.116119
33;1.182800;0.272766;0.840729
34;1.537033;0.084961;-0.264694
35;0.619217;0.679703;0.310303
36;-0.288895;1.579742;0.823730
37;-0.771027;1.498077;0.288651
38;-0.996140;1.554138;-0.267563
39;-1.546692;1.399597;0.132523
40;-0.174255;1.562927;0.806107
41;-0.442581;1.553726;-0.692749
42;-0.248032;0.843063;0.310577
43;-0.122955;0.998260;0.066681
44;0.007172;0.984344;0.144424
45;0.003632;1.013901;0.165985
46;-0.004562;1.146179;0.116608
47;0.151398;1.074005;0.238556
48;0.191238;1.660065;0.221741
49;0.866196;2.482941;0.443344
50;0.639130;2.332855;-0.266983
51;0.030487;1.067459;0.094147
52;0.949585;-0.216995;0.022308
53;0.369644;-0.078018;-0.414917
54;0.434326;0.572586;0.105118
55;-0.106842;1.840515;0.396683
56;-1.098221;2.775375;0.397995
57;-2.854935;2.064056;0.232834
58;-0.498581;1.139877;0.984818
59;-3.232559;1.630920;0.106079
60;-1.007660;0.746368;0.553360
61;-0.132950;1.045746;0.118408
62;-0.047775;0.996460;-0.063217
63;0.196533;1.058746;0.077515
64;0.199799;1.087387;-0.013641
65;-0.132370;1.145660;0.385651
66;0.316833;1.653412;0.085800
67;0.718979;2.165207;0.091278
68;1.201263;2.753723;-0.345673
69;0.072403;1.560974;0.267517
70;0.463303;-0.134384;0.307465
71;0.471161;-0.035980;-0.182480
72;0.463120;0.594894;0.124893
73;0.041290;1.401138;0.511658
74;-0.875107;2.741806;0.883606
75;-2.457153;2.303436;0.257156
76;-2.189178;1.643585;0.767349
77;-5.827133;1.307144;-1.023773
78;-1.587250;1.174026;0.121674
79;-0.347549;0.965591;0.091766
80;0.006027;1.079605;-0.035736
81;0.252274;1.087738;0.040833
82;0.053833;1.045364;0.034241
83;-0.134674;1.006882;0.342804
84;0.279434;1.662994;0.002777
85;0.788269;2.162231;0.231384
86;1.367676;2.840637;-0.338776
87;0.185181;1.731277;0.422165
88;0.431702;-0.076370;-0.017456
89;0.490433;0.156479;-0.308807
90;0.299301;0.610367;0.138962
91;0.024460;1.685516;0.397064
92;-1.040359;3.055115;0.321518
93;-2.970306;1.972595;0.390518
94;-1.960327;1.499390;1.247330
95;-3.119400;-0.021637;1.097702
96;-1.203506;0.686539;0.717499
97;-0.136307;1.076538;0.002823
98;0.031494;1.014648;0.299164
99;0.450775;1.109146;-0.235596
100;-0.158722;1.075378;0.257797
101;0.038315;1.179306;0.217941
102;0.401871;1.786789;0.406952
103;1.400620;2.445450;0.078979
104;-0.008865;2.605942;-0.468475
105;0.249588;0.285400;-0.295792
106;1.257263;-0.276459;-0.193436
107;0.765900;0.292130;0.015671
108;0.107727;1.027420;0.350723
109;-0.460739;2.247513;0.677795
110;-1.145523;2.786499;0.062546
111;-3.348526;1.943588;0.069794
112;6.945557;4.894196;1.999512
113;1.698547;0.768860;-1.097000
114;-0.636185;0.946747;0.365631
115;0.308182;1.042755;-0.300201
116;-0.038055;1.135269;0.344711
117;0.150223;1.120895;0.086273
118;-0.038330;1.135300;0.159744
119;0.258194;1.495331;0.288437
120;0.857605;2.087799;0.169281
121;0.705933;2.747299;0.169189
122;0.111237;1.631760;0.198761
123;0.644775;0.036789;-0.057053
124;0.031387;0.253494;-0.258636
125;0.366043;0.660385;0.108337
126;0.094925;1.438904;0.431534
127;-0.946228;2.635513;0.564148
128;-2.265152;2.363739;-0.168411
129;-2.592789;1.540894;0.347321
130;-4.125946;1.664551;-2.839005
131;-0.864029;0.894318;-0.447906
132;-0.681122;0.997238;0.286667
133;0.103714;1.078888;-0.309479
134;0.405914;1.100433;0.144531
135;0.155121;1.030396;0.082520
136;-0.094162;1.086349;0.305801
137;0.340775;1.596344;0.241913
138;0.994537;2.197815;0.102539
139;0.157867;3.118698;-0.433884
140;0.294174;1.188736;-0.238159
141;1.189590;-0.355438;0.121780
142;0.429276;0.272415;-0.113815
143;0.093506;0.976349;0.302795
144;-0.254852;2.036758;0.550369
145;-1.141708;2.684067;0.538101
146;-2.830109;1.737793;0.089645
147;-1.620422;1.485596;0.436234
148;-6.697906;1.562225;-1.717407
149;-1.407715;0.704544;-0.080734
150;-0.408920;0.990723;0.126663
151;0.083771;1.122910;-0.280472
152;0.335449;1.039169;-0.000793
153;0.174728;0.985062;-0.076324
154;-0.086166;1.148117;0.486420
155;0.308060;1.777054;0.313873
156;1.261337;2.365219;0.160217
157;-0.586700;2.898178;-0.356552
158;0.492477;1.101471;-0.485367
159;1.137650;-0.398605;0.190186
160;0.224426;0.137695;-0.197357
161;0.297134;0.574310;0.067047
162;0.019119;1.468033;0.368149
163;-1.223648;2.961823;0.478745
164;-2.928207;2.181366;-0.026627
165;-1.932159;1.503708;0.587753
166;-7.420074;2.740295;-2.122589
167;-2.284714;1.256897;0.257156
168;-0.449799;0.922882;0.113998
169;-0.150635;1.113586;-0.084198
170;0.379318;1.067398;0.070312
171;0.088913;1.055679;-0.017105
172;-0.150711;1.188004;0.414764
173;0.408356;1.750565;0.282166
174;1.464355;2.440994;0.196991
175;-1.546982;2.981949;-0.735596
176;0.986115;0.206177;-0.646469
177;1.653519;-0.372620;-0.017899
178;0.981979;0.164139;0.004807
179;0.228714;0.872299;0.326508
180;-0.092392;2.024292;0.444168
181;-0.826859;2.891266;-0.100922
182;-3.196152;1.918289;0.579071
183;-1.613419;1.413788;0.996124
184;-2.190796;0.306259;1.530853
185;-0.735687;0.523514;0.812561
186;-0.086044;1.126221;-0.063019
187;-0.066666;1.073227;0.211777
188;0.204895;1.011887;0.012268
189;0.136292;1.071564;-0.065506
190;-0.164566;1.162369;0.503586
191;0.367493;1.855667;0.264465
192;1.448273;2.362808;0.016479
193;-0.776535;2.656433;-0.135986
194;0.413086;0.678177;-0.575287
195;1.071899;-0.257736;-0.040237
196;0.490189;0.127533;-0.033005
197;0.207260;0.629456;0.171371
198;0.090332;1.658783;0.212372
199;-1.356094;2.842270;0.275284
200;-3.117020;1.987808;0.394897
201;0.224670;1.086441;1.904312
202;-0.712082;0.591370;1.381546
203;-0.855865;0.790970;1.025757
204;0.013702;1.110184;-0.131348
205;-0.119507;1.123993;0.296036
206;-0.010345;0.930649;0.113205
207;0.116409;1.077560;-0.098770
208;-0.114105;1.259186;0.530060
209;0.339142;1.756744;0.195282
210;1.393890;2.332855;-0.059143
211;-0.876389;2.769150;-0.389191
212;0.595795;0.605392;-0.438416
213;0.826569;-0.245010;0.032150
214;0.543457;0.112274;-0.116928
215;0.272141;0.657303;0.161316
216;-0.002792;2.091370;0.286102
217;-1.055923;2.779694;0.425049
218;-3.175156;1.836365;0.566269
219;-0.221710;1.180817;0.944122
220;-3.036942;0.455338;0.523529
221;-1.466354;0.661072;0.722748
222;-0.167023;1.012222;-0.039368
223;-0.026321;1.138443;0.174957
224;0.242554;0.952744;-0.060806
225;0.106049;1.095123;-0.137283
226;-0.157623;1.167099;0.549301
227;0.337143;1.778030;0.054245
228;1.110321;2.303345;0.089615
229;-0.071838;2.625412;0.398682
230;0.799362;1.479034;0.104797
231;0.488556;-0.307510;-0.115005
232;0.320435;0.085449;-0.523865
233;0.411041;0.552368;-0.145981
234;0.176819;1.513596;0.184143
235;-1.080887;3.085709;0.503662
236;-2.510696;2.118073;0.470505
237;-2.176483;1.853134;0.448944
238;-7.505768;3.531052;-2.596970
239;-2.290665;1.363129;-0.343918
240;-0.463181;0.934433;0.121231
241;-0.002304;1.125259;-0.105240
242;0.383255;1.032822;0.099121
243;0.193497;0.965408;-0.035660
244;-0.035675;1.023071;0.409180
245;0.121780;1.497269;0.145828
246;0.638550;2.188614;0.194778
247;1.547836;2.921951;-0.229568
248;-0.070908;1.588333;0.745834
249;-0.025024;0.284912;-0.293777
250;0.278885;0.212646;-0.483994
251;0.411728;0.428116;0.050369
252;0.126236;1.264648;0.264633
253;-0.664673;2.568436;0.454742
254;-2.027771;2.159164;0.379623
255;-2.305862;1.582169;0.725067
256;4.966660;4.171936;1.815750
257;1.707077;0.381577;-0.849625
258;-0.262711;1.010803;0.203156
259;0.127762;1.039581;-0.077179
260;0.118546;0.997086;0.231995
261;0.103210;0.996750;0.039352
262;0.018234;1.072647;0.088669
263;0.180023;1.404770;0.254547
264;0.334030;1.786591;0.310410
265;1.426102;2.552979;0.000977
266;-0.572891;2.362152;-0.329453
267;-0.132004;0.437195;-0.584381
268;1.736481;-0.420914;0.192169
269;0.242249;0.287857;0.159286
270;0.661774;1.014618;0.411285
271;-0.105911;2.624420;0.641968
272;-1.311752;2.388489;0.198593
273;-2.432785;1.788589;0.430374
274;4.733795;3.186264;1.217606
275;2.008560;0.268280;-0.361237
276;-0.131195;0.915833;0.281570
277;-0.018814;1.083206;-0.077164
278;-0.023651;1.034500;0.295227
279;0.271637;1.099442;-0.041962
280;-0.056488;0.995789;0.095627
281;0.137253;1.321533;0.170135
282;0.265991;1.613800;0.398621
283;1.289917;2.603165;0.266693
284;-0.226837;2.618042;-0.487671
285;0.540283;0.618927;-0.280411
286;1.764984;-0.704773;0.194473
287;0.352234;0.306900;-0.117813
288;0.097656;1.167892;0.044037
289;-0.351547;2.684937;0.536163
290;-1.767303;2.500061;0.519150
291;-2.815063;1.828751;0.354614
292;4.542297;2.121155;1.205887
293;2.111359;-0.104553;0.087906
294;-0.109039;0.932938;0.405945
295;-0.002045;1.053604;-0.050034
296;0.090164;1.030853;0.287415
297;0.206940;1.061127;-0.034592
298;0.045197;1.081177;0.033707
299;0.080795;1.255096;0.221756
300;0.188400;1.699921;0.241501
301;1.241684;2.723038;0.291718
302;0.480118;2.092133;-0.082443
303;-0.231857;0.779465;-0.163849
304;1.708893;-0.360504;0.042862
305;0.592545;0.198486;0.088181
306;0.252014;0.891571;0.203445
307;-0.342453;2.191147;0.663620
308;-1.720490;2.537186;0.777359
309;-3.386230;2.041458;0.053482
310;7.417267;4.727722;1.311005
311;1.661057;1.164948;-0.920242
312;-0.467758;0.950546;0.292221
313;0.053589;0.926971;-0.207321
314;-0.018387;1.005219;0.387695
315;0.195251;1.062485;-0.022049
316;0.047638;1.131210;-0.038742
317;0.095627;1.303085;0.332474
318;0.203049;1.764114;0.296585
319;1.457703;2.748062;0.110428
320;-0.507248;2.240845;-0.408600
321;0.015762;0.397797;-0.332733
322;1.304276;-0.388519;0.099686
323;0.598114;0.245285;-0.103165
324;0.267365;0.771683;0.172058
325;-0.085617;1.929901;0.473938
326;-1.189713;2.656372;0.343918
327;-3.296555;1.952194;0.385376
328;1.859772;1.091415;1.677277
329;0.470993;0.127625;1.063950
330;-1.019394;0.743271;1.016876
331;-0.172821;1.033371;0.027969
332;-0.180130;1.047104;0.063263
333;0.401917;1.061493;0.052338
334;0.098892;0.985992;-0.054535
335;-0.054977;1.089096;0.431931
336;0.193604;1.797226;0.262939
337;1.172180;2.671844;0.374756
338;-0.018295;2.236862;-0.380219
339;0.187668;0.767380;-0.098160
340;1.701157;-0.505035;0.286621
341;0.352676;0.157288;0.175781
342;0.346222;0.901764;0.171234
343;0.028839;2.474792;0.394836
344;-0.978821;2.806763;0.312302
345;-3.145493;2.113129;0.310333
346;0.984970;0.809494;0.729202
347;-2.254944;-0.067825;1.701202
348;-1.067535;0.633072;0.618408
349;-0.199203;1.071838;0.221924
350;-0.020401;1.042755;-0.039993
351;0.267151;1.035126;0.044235
352;0.170212;1.028793;-0.171265
353;-0.056168;1.100327;0.389877
354;0.192352;1.658127;0.259399
355;1.018295;2.605576;0.378250
356;0.340454;2.518417;-0.398529
357;0.158676;1.174286;0.083740
358;1.130630;-0.423737;-0.358124
359;0.339645;0.456833;-0.258179
360;0.181137;1.069946;0.029785
361;-0.093170;2.386154;0.477249
362;-1.624924;2.533951;0.560654
363;-2.965668;1.844666;0.527954
364;-0.907867;1.351257;1.008408
365;-1.830582;-0.083679;1.444305
366;-1.159805;0.580185;1.011551
367;-0.153488;1.017044;-0.001892
368;-0.233826;1.066437;0.187180
369;0.398468;1.099411;-0.029343
370;0.036453;1.006927;-0.057129
371;-0.128159;1.058075;0.430618
372;0.354736;1.686691;0.205505
373;1.001465;2.449844;0.256699
374;0.134094;2.545425;-0.240768
375;0.007034;1.107025;-0.088013
376;1.433548;-0.450912;-0.018616
377;0.495758;0.180511;-0.095123
378;0.182831;0.837158;0.179871
379;0.058243;2.458786;0.260742
380;-1.222885;2.868469;0.436081
381;-3.026978;1.963730;0.503326
382;0.413239;1.287292;1.753082
383;-0.304184;0.502884;1.032700
384;-0.877426;0.671738;1.038147
385;0.101791;1.070572;-0.040161
386;-0.029190;1.032394;0.296722
387;0.195633;1.064026;-0.078690
388;0.081390;1.068832;0.121964
389;0.235657;1.454361;0.095551
390;0.328079;1.825012;0.466125
391;1.731171;2.818344;-0.073715
392;-0.729050;2.266815;-0.074234
393;0.053055;0.280045;-0.414841
394;0.543396;-0.185654;-0.418167
395;0.791428;0.363754;-0.076828
396;0.149918;1.173050;0.289703
397;-0.798447;2.537415;0.699341
398;-1.943268;2.288544;0.174057
399;-2.657883;1.763062;0.589813
400;6.233688;4.130783;1.665054
401;1.756287;0.554413;-0.656967
402;-0.631287;0.977814;0.212891
403;0.036484;0.979904;-0.217346
404;0.108902;1.038162;0.329010
405;0.174332;1.018707;-0.005493
406;-0.019623;1.026474;0.220078
407;0.253830;1.449448;0.085190
408;0.444641;2.134827;0.414886
409;2.068222;2.823563;0.011627
410;-0.458572;1.648346;0.529800
411;-0.429672;0.419907;-0.607010
412;0.515030;0.187943;-0.487015
413;0.688110;0.508408;-0.080017
414;0.169479;1.143021;0.319153
415;-0.752411;2.934830;0.594849
416;-2.106628;2.026810;0.296387
417;-2.471939;1.615906;0.697037
418;-0.659531;2.565445;-0.228607
419;-0.442917;1.249695;-0.613129
420;-0.586594;1.108948;0.173798
421;0.063263;1.028244;-0.309341
422;0.323883;1.032867;0.179260
423;0.230515;1.001755;-0.109451
424;0.006638;0.996750;0.391708
425;0.140030;1.617889;0.069138
426;0.574829;2.216660;0.439682
427;1.959167;2.935562;-0.439697
428;-0.554550;1.708923;0.623199
429;0.728882;-0.124649;-0.431702
430;0.226868;0.013062;-0.251770
431;0.373306;0.402771;0.048660
432;0.133179;1.527115;0.258682
433;-1.120148;3.384613;0.159256
434;-3.046402;1.954819;0.583237
435;-2.004852;1.678177;0.701828
436;-7.176483;2.184982;-2.152313
437;-2.334717;1.212463;-0.212326
438;-0.394012;0.994003;0.162216
439;-0.018890;1.035400;-0.142761
440;0.450424;1.092133;-0.055511
441;0.033997;1.004395;0.066879
442;-0.061768;1.089676;0.293945
443;0.288666;1.727844;0.338470
444;1.182144;2.738602;0.279068
445;0.259628;2.308365;-0.457993
446;0.003021;0.874100;-0.179413
447;1.553268;-0.497910;0.312225
448;0.636230;0.093872;-0.061005
449;0.297974;0.906357;0.095963
450;-0.187988;2.613235;0.624557
451;-1.566772;2.696304;0.525146
452;-2.971481;2.025558;0.422592
453;4.959351;4.092880;1.399841
454;1.344269;1.216400;-0.507111
455;-0.588547;1.221588;0.179321
456;0.048981;0.927063;-0.324753
457;0.227905;1.077469;0.206024
458;0.113037;1.073059;-0.058228
459;0.093658;1.032532;0.126511
460;0.337311;1.517548;0.104141
461;0.673599;2.159683;0.479050
462;1.941040;3.044800;-0.104034
463;-0.383713;1.820740;0.599319
464;0.639023;-0.203430;-0.467728
465;0.147598;0.101837;-0.383148
466;0.586823;0.559113;-0.119202
467;0.203705;1.985107;0.237259
468;-1.118927;3.027512;0.319412
469;-3.078857;1.875000;0.451340
470;-2.029449;1.371338;1.535645
471;-4.816711;1.455032;0.445099
472;-1.735886;0.919342;0.973495
473;-0.102127;1.004944;-0.018265
474;-0.203369;1.062500;0.268829
475;0.215530;1.059235;-0.003922
476;0.181763;1.084625;-0.158691
477;-0.006500;1.260635;0.348709
478;0.315826;1.796478;0.326508
479;1.366196;2.647461;0.210037
480;-0.333466;2.668533;-0.291489
481;0.243073;0.481567;-0.473297
482;1.274002;-0.408157;0.064240
483;0.754395;0.302750;-0.062683
484;0.123123;1.159271;0.127518
485;-0.357925;2.637650;0.509674
486;-1.552597;2.647598;0.271774
487;-2.807083;1.860962;0.594696
488;2.950760;0.489304;1.450348
489;0.411041;-0.447128;1.863113
490;-0.558563;0.665237;0.837021
491;-0.049744;1.060486;0.044739
492;-0.009964;0.998520;0.146301
493;0.320618;1.056732;-0.000427
494;0.198792;0.984863;-0.077942
495;0.185028;1.250580;0.182343
496;0.125671;1.572632;0.234879
497;0.871964;2.767548;0.516708
498;0.586685;2.183273;-0.246445
499;-0.191956;1.019821;-0.031143
500;1.486145;-0.399872;0.123596
501;0.472778;0.116562;-0.063202
502;0.333130;0.752319;0.000702
503;-0.114304;2.459900;0.523132
504;-1.490601;2.885269;0.472031
505;-3.190674;2.002762;0.242279
506;3.839294;0.720901;1.466141
507;0.857986;0.201523;0.869614
508;-0.511459;0.697723;0.756454
509;0.102112;1.047760;-0.111099
510;-0.002548;1.025955;0.135086
511;0.414093;0.984970;-0.162247
512;-0.014709;1.074097;0.056168
513;0.079239;1.034744;0.318039
514;0.285110;1.673462;0.067169
515;0.943573;2.990341;0.626282
516;0.387299;1.965103;-0.094315
517;-0.494781;0.821808;-0.094864
518;1.770966;-0.765533;-0.010559
519;0.429276;0.056580;-0.189072
520;0.365936;0.851852;-0.065094
521;-0.185440;2.772079;0.570084
522;-1.360779;2.752548;0.745544
523;-2.303925;2.124527;0.212387
524;4.612411;2.485565;0.856598
525;1.517670;0.084427;-0.068726
526;-0.175903;0.783936;0.492325
527;-0.031021;1.037445;-0.218323
528;-0.004822;1.024048;0.280090
529;0.208572;1.027145;-0.104904
530;0.213120;1.039642;-0.050186
531;0.164337;1.202621;0.287003
532;0.162460;1.655350;0.199234
533;1.340744;2.887131;0.482452
534;0.086716;2.240707;-0.364746
535;-0.144699;0.941772;-0.181198
536;1.492065;-0.509018;0.254807
537;0.394547;0.191666;0.125931
538;0.190094;0.737839;0.234009
539;-0.113068;2.162689;0.527954
540;-1.517334;2.822876;0.298920
541;-3.491257;1.976761;0.331726
542;3.253281;0.782654;1.659210
543;-0.110947;0.880341;0.658920
544;-0.899963;0.741119;0.870483
545;-0.041885;1.024918;-0.064163
546;-0.351410;1.038834;0.136719
547;0.273804;1.102341;0.025696
548;0.219498;1.016693;-0.084320
549;0.000031;1.108643;0.423660
550;0.196686;1.633789;0.119980
551;0.975830;2.829681;0.452408
552;0.770889;2.402222;-0.443634
553;-0.255051;0.901917;-0.110062
554;1.671127;-0.542099;0.319901
555;0.687546;0.122849;-0.153641
556;0.290039;0.894211;0.085144
557;-0.451492;2.670578;0.597397
558;-1.968140;2.887024;0.408981
559;-2.906097;1.832977;0.927322
560;4.802536;3.357346;0.240601
561;2.010971;0.476410;-0.204117
562;-0.078827;0.921234;0.163437
563;-0.139633;1.036102;-0.069290
564;-0.000900;1.085983;0.216919
565;0.257584;1.138702;0.017761
566;0.063934;1.009613;-0.038879
567;0.253510;1.331543;0.201370
568;0.434662;2.006760;0.248398
569;1.774963;2.965683;0.026413
570;-0.798782;1.760452;0.194244
571;-0.771347;0.467667;-0.589615
572;1.493454;-0.282089;-0.139786
573;0.840408;0.290665;0.040161
574;0.054764;1.275238;0.392487
575;-0.715042;2.870773;0.534897
576;-2.366135;2.345963;-0.030258
577;-2.461777;1.779007;0.715088
578;-6.612198;1.846268;-2.350082
579;-2.292007;1.485306;-0.400772
580;-0.189545;1.028381;0.119476
581;-0.228439;0.976303;0.015610
582;0.293549;1.114777;-0.000900
583;0.133408;1.096344;0.023285
584;0.009460;1.023087;0.167007
585;0.242874;1.573029;0.341980
586;0.824326;2.314041;0.283997
587;0.954330;3.012070;-0.238388
588;-0.242310;1.400314;0.260727
589;1.105072;-0.404755;0.036270
590;0.120529;0.157257;0.005096
591;0.279419;0.813263;0.079926
592;0.049332;2.208786;0.433441
593;-1.410736;2.681198;0.350891
594;-3.312057;1.882797;0.336288
595;-0.074448;1.204453;1.300598
596;-2.358322;0.830139;1.339279
597;-1.373917;0.740570;1.173035
598;-0.134430;0.984756;0.056931
599;-0.209106;1.061035;0.143234
600;0.218887;1.071075;0.023804
601;0.178848;1.092621;-0.081879
602;-0.006607;1.157547;0.335434
603;0.309601;1.632004;0.258530
604;0.875519;2.217545;0.275009
605;0.461426;2.737442;-0.344070
606;-0.037216;1.561676;-0.077164
607;1.390976;-0.336166;0.209412
608;0.638062;-0.012421;-0.025284
609;0.240936;0.675156;0.184235
610;0.043243;2.220367;0.435196
611;-1.320709;3.019821;0.457443
612;-3.551666;2.158646;0.509811
613;0.146622;1.041077;0.773590
614;-4.092896;1.075348;0.353882
615;-1.955185;0.950928;0.655075
616;-0.361618;0.942749;0.185806
617;-0.175674;1.058014;-0.115738
618;0.207932;1.140106;0.108948
619;0.069717;1.046692;-0.015259
620;-0.066879;1.028030;0.296021
621;0.250916;1.487274;0.155045
622;0.483795;2.103867;0.486969
623;1.644669;2.648148;-0.404083
624;-0.317795;1.606079;0.534378
625;0.890350;-0.246368;-0.141174
626;0.469345;0.146317;-0.126678
627;0.282333;0.691376;0.143784
628;0.131866;1.669495;0.439850
629;-0.987839;3.103958;0.415024
630;-3.085068;1.833344;0.526886
631;-1.743713;1.564316;0.576309
632;-7.629028;2.987213;-1.932999
633;-2.516190;1.366516;0.078430
634;-0.272217;0.952164;0.020599
635;-0.254852;1.009186;-0.086029
636;0.189804;1.165863;0.138809
637;0.018967;0.929153;0.166748
638;-0.006866;1.187546;-0.023712
639;0.322800;1.407532;0.239883
640;0.660339;2.131470;0.335510
641;1.045914;2.611649;-0.154007
642;-0.698837;1.522644;0.442459
643;0.539581;-0.077316;-0.124878
644;-0.032120;-0.047348;-0.144867
645;0.425705;0.445465;-0.126236
646;-0.514893;1.672943;0.600372
647;-1.614182;2.601944;0.309998
648;-2.570724;1.404526;0.380814
649;-0.354340;1.049973;0.721268
650;-5.131622;0.313782;1.727646
651;-1.201279;1.231369;0.558990
652;-0.106888;1.059601;0.011520
653;0.037766;1.005875;-0.042511
654;0.069183;0.962158;0.088959
655;0.085220;0.956467;0.066208
656;0.078873;0.990509;0.119156
657;0.065826;1.027054;0.116882
658;0.090271;1.003479;0.078476
659;0.231918;0.996826;-0.005630
660;0.006699;0.992798;0.150146
661;-0.131531;0.938843;0.159683
662;-0.101242;0.974884;0.171173
663;-0.095276;0.986526;0.191406
664;0.006424;1.009979;0.122696
665;-0.082962;0.960938;0.195343
666;-0.048874;0.989685;0.150558
667;-0.034027;0.991959;0.183594
668;0.004791;0.970367;0.173538
669;0.113419;1.033646;0.154602
670;0.114670;1.014557;0.150635
671;0.016159;0.964706;0.164413
672;0.040085;0.980347;0.134537
673;0.037140;0.989395;0.194153
674;0.047623;0.965958;0.116089
675;0.001831;0.995544;0.131638
676;-0.052826;1.008133;0.116547
677;-0.084000;1.002640;0.141388
678;-0.053696;0.995087;0.113647
679;-0.086624;1.010910;0.127686
680;-0.094772;0.988281;0.122040
681;-0.092773;0.995529;0.116638
682;-0.093643;0.987015;0.116379
683;-0.084473;0.987381;0.129044
684;-0.084183;0.988571;0.122665
685;-0.094742;0.992203;0.110886
686;-0.079895;1.001099;0.156677
687;-0.098038;0.990677;0.112564
