index;x;y;z
0;-0.149216;0.985901;0.057251
1;-0.140732;0.990067;0.064270
2;-0.142715;0.988174;0.068024
3;-0.139343;0.990250;0.061203
4;-0.141174;0.989868;0.064529
5;-0.141037;0.988922;0.064804
6;-0.135483;0.989090;0.061264
7;-0.139191;0.987167;0.066025
8;-0.140488;0.988098;0.063950
9;-0.133728;0.993927;0.059509
10;-0.144760;0.993469;0.061676
11;-0.147903;0.985809;0.059036
12;-0.143021;1.010956;0.074600
13;-0.148834;0.980927;0.073563
14;-0.121780;0.989471;0.050003
15;-0.132538;0.982834;0.062561
16;-0.119232;0.998413;0.064148
17;-0.136215;0.986481;0.053635
18;-0.135040;0.990540;0.057251
19;-0.138657;0.989487;0.067734
20;-0.148071;0.982452;0.067490
21;-0.139786;0.981522;0.068024
22;-0.149948;0.979446;0.070114
23;-0.144104;0.983887;0.069809
24;-0.144852;0.987732;0.076370
25;-0.136948;0.990005;0.074142
26;-0.137024;0.997421;0.084290
27;-0.131638;0.994247;0.088394
28;-0.112320;1.005676;0.092255
29;-0.118713;0.995026;0.077759
30;-0.116592;0.992279;0.086182
31;-0.110428;0.990646;0.091171
32;-0.111542;0.983047;0.088593
33;-0.118881;0.988068;0.088440
34;-0.113693;0.979355;0.074478
35;-0.105301;0.996674;0.086197
36;-0.119812;0.990433;0.082642
37;-0.113708;0.995743;0.076202
38;-0.120544;0.983215;0.092056
39;-0.134277;0.975510;0.102188
40;-0.115845;0.992188;0.094360
41;-0.127243;0.989273;0.092834
42;-0.118668;0.984039;0.084854
43;-0.108749;0.988907;0.081421
44;-0.120377;0.991806;0.099411
45;-0.111267;0.995926;0.106262
46;-0.104233;0.991013;0.104538
47;-0.109802;0.995865;0.108337
48;-0.098328;1.002930;0.106552
49;-0.110657;0.990433;0.113052
50;-0.123932;0.988647;0.118134
51;-0.096985;0.986847;0.120377
52;-0.087708;0.991348;0.114090
53;-0.072327;0.994247;0.113525
54;-0.064621;0.997467;0.113022
55;-0.052261;1.005325;0.111450
56;-0.066757;0.996780;0.119598
57;-0.060532;0.993240;0.121124
58;-0.066849;0.991776;0.127472
59;-0.092758;0.985748;0.135284
60;-0.091049;0.981888;0.137543
61;-0.103012;0.979477;0.141708
62;-0.066193;0.994995;0.135559
63;-0.076065;0.990707;0.132828
64;-0.084000;0.985626;0.127975
65;-0.070648;0.990723;0.131577
66;-0.073196;0.987564;0.138107
67;-0.072174;0.989838;0.129227
68;-0.074738;0.989456;0.123291
69;-0.070709;0.992065;0.128662
70;-0.075317;0.990753;0.126175
71;-0.070663;0.991745;0.127197
72;-0.062424;0.998505;0.128647
73;-0.062424;0.993454;0.128616
74;-0.077560;0.989319;0.137146
75;-0.067139;0.990448;0.129196
76;-0.076782;0.987106;0.127548
77;-0.075928;0.989960;0.128815
78;-0.070908;0.990402;0.124802
79;-0.066238;0.992569;0.124359
80;-0.054047;0.995209;0.119507
81;-0.055359;0.995956;0.126007
82;-0.061386;0.996826;0.131836
83;-0.066986;0.992020;0.129868
84;-0.074493;0.992218;0.133713
85;-0.073334;0.991257;0.132492
86;-0.084702;0.985397;0.136002
87;-0.080154;0.987976;0.133377
88;-0.085220;0.985931;0.130463
89;-0.075012;0.987656;0.133484
90;-0.072845;0.989349;0.133774
91;-0.076553;0.988724;0.133682
92;-0.076996;0.986923;0.128540
93;-0.059418;0.992035;0.125137
94;-0.074783;0.990631;0.127319
95;-0.079620;0.990067;0.132782
96;-0.076675;0.989716;0.129791
97;-0.085724;0.985550;0.135284
98;-0.080994;0.982742;0.136902
99;-0.076309;0.989090;0.139297
100;-0.083466;0.977585;0.140106
101;-0.070724;0.994766;0.138519
102;-0.052658;1.000488;0.135849
103;-0.060318;0.989944;0.131546
104;-0.037857;1.001984;0.126434
105;-0.021179;1.015015;0.141525
106;0.001801;1.016663;0.124451
107;0.039902;1.058243;0.115128
108;0.157379;1.173141;0.084213
109;0.235138;1.420441;0.046722
110;0.136993;1.693344;0.228867
111;0.074448;1.568726;0.068909
112;-0.156052;1.180801;-0.062836
113;0.009018;0.871811;-0.013092
114;0.485306;0.519043;0.110504
115;0.488785;0.436829;-0.081284
116;0.721207;0.571304;-0.077667
117;0.282928;0.768433;0.146790
118;0.127365;0.977966;0.238419
119;-0.009857;1.190475;0.290604
120;-0.202240;1.264618;0.329575
121;-0.128723;1.268768;0.241608
122;-0.096039;1.284622;0.027817
123;-0.162109;1.289017;-0.043060
124;-0.367935;1.179153;0.146072
125;-0.602173;1.168472;0.346237
126;-0.750534;1.144379;0.435272
127;1.176926;1.041672;0.033997
128;0.077591;1.761307;0.361984
129;-0.541016;0.860580;0.460251
130;0.340881;1.047073;-0.220703
131;-0.407242;1.089935;-0.109665
132;0.170837;1.053604;0.213211
133;-0.297714;1.020889;0.148956
134;-0.080246;0.985733;-0.016876
135;-0.169632;0.976395;-0.021133
136;-0.131516;0.979874;0.003296
137;-0.080582;1.005905;0.001968
138;-0.095978;1.007431;0.047714
139;-0.061172;0.988724;0.035309
140;0.013687;1.012405;0.019470
141;-0.059586;1.051620;0.105850
142;-0.050278;1.089355;0.033905
143;-0.034012;1.073517;-0.043076
144;0.064621;1.181290;-0.029907
145;-0.104599;1.259064;0.064804
146;-0.142334;1.382584;0.224976
147;0.159454;1.929977;0.209671
148;0.662796;2.235291;0.248154
149;0.640579;1.905594;0.111908
150;-0.326950;1.711502;-0.129761
151;-0.029175;1.046341;-0.025742
152;-0.592484;0.607025;-0.194000
153;0.501266;0.088287;0.049408
154;0.365311;0.122147;-0.101974
155;-0.113312;0.200684;0.132812
156;0.220551;0.361038;-0.030518
157;0.364090;0.816498;-0.018204
158;-0.078323;1.067352;0.227478
159;-0.224808;1.639832;0.244278
160;-0.530548;2.093307;0.299118
161;-1.135483;2.163208;0.249039
162;-1.372360;2.067169;-0.003082
163;-2.144104;1.490250;0.224503
164;-1.847672;1.397873;0.375931
165;1.366791;0.888596;0.920959
166;0.088104;2.006836;0.539078
167;-0.799103;0.895111;0.135712
168;0.517380;0.824356;-0.529770
169;-0.640015;0.837524;0.074066
170;-0.119598;1.064957;0.277649
171;-0.002487;1.100815;0.231628
172;-0.187241;0.917969;-0.196884
173;-0.059921;0.994568;-0.030716
174;-0.131882;1.014053;0.119797
175;-0.061859;0.981491;0.043777
176;-0.074020;0.984314;-0.003601
177;-0.021912;1.025894;0.081512
178;-0.078796;1.073730;0.067719
179;0.047684;1.159973;-0.037140
180;0.020996;1.191422;-0.009293
181;-0.069748;1.319519;0.024811
182;-0.013947;1.502487;0.104141
183;0.144119;1.954483;0.283691
184;0.859711;2.321274;0.104507
185;0.495773;2.087860;-0.124969
186;-0.091293;1.404144;-0.096130
187;-0.083725;1.087723;-0.165680
188;-0.936676;0.227005;0.044098
189;0.569550;0.106979;-0.050140
190;0.460617;0.086182;-0.117004
191;-0.219131;0.239471;0.116913
192;0.255539;0.450760;-0.005875
193;0.333923;0.931213;0.086166
194;-0.230988;1.141281;0.311340
195;-0.218124;1.590363;0.346649
196;-0.672394;2.079681;0.214554
197;-0.805405;2.070374;0.291626
198;-1.453690;1.913620;0.144547
199;-2.139618;1.395798;0.265137
200;-1.441864;1.370636;0.459595
201;3.377884;1.986069;1.666840
202;-1.939117;1.776215;-0.164856
203;-0.204346;0.619217;-0.488480
204;0.129547;1.407135;-0.007599
205;-0.699921;0.735550;0.293640
206;-0.025818;1.147736;0.218170
207;-0.218445;0.933762;-0.085739
208;-0.128906;0.982315;-0.147369
209;-0.130081;0.994751;0.055252
210;-0.077927;1.021515;0.057907
211;-0.076904;0.983078;0.043060
212;-0.053192;0.989899;0.021652
213;-0.084702;0.985306;0.080338
214;-0.080200;1.018234;0.079437
215;0.080856;1.154068;-0.004883
216;0.014160;1.231369;0.095184
217;-0.040100;1.372543;0.048584
218;-0.005798;1.562134;0.102280
219;0.199921;2.024063;0.297485
220;0.999786;2.329330;0.058517
221;0.492950;1.933517;-0.103027
222;-0.302078;1.329178;-0.067596
223;-0.325806;1.196686;-0.366089
224;-0.888687;0.296310;-0.012817
225;0.587524;0.089737;-0.222321
226;0.536652;0.170761;-0.359024
227;-0.150513;0.192856;-0.074768
228;0.226990;0.378448;-0.053314
229;0.342300;0.747101;-0.161667
230;-0.011383;1.084274;0.129669
231;-0.136765;1.613068;0.247360
232;-0.594620;2.261246;0.442566
233;-1.242889;2.313049;0.234283
234;-1.424530;2.065994;-0.001953
235;-2.537064;1.381790;0.172684
236;-1.222900;1.379471;0.568604
237;4.440353;2.598480;1.315338
238;-3.028458;1.309586;0.029709
239;0.312286;0.803268;-0.512848
240;-0.262848;1.138199;-0.084152
241;-0.624374;0.924393;0.337402
242;0.043610;1.126694;0.166000
243;-0.306381;0.907440;-0.144608
244;-0.099380;1.003891;-0.109268
245;-0.170486;0.990341;0.067810
246;-0.021591;1.018387;0.017960
247;-0.045715;0.962036;-0.018524
248;-0.043777;0.990952;-0.017075
249;-0.112946;0.987717;0.058884
250;-0.025818;1.010452;0.097260
251;0.034378;1.163895;0.024246
252;0.064667;1.266052;-0.068619
253;-0.074707;1.387451;0.037842
254;0.028473;1.662903;0.124100
255;0.290039;2.241623;0.269302
256;0.950378;2.219788;0.092041
257;0.147339;1.854965;-0.083771
258;-0.241486;1.307037;0.135574
259;-0.420929;0.780380;-0.331192
260;-0.243530;0.113510;0.256042
261;0.614197;0.194275;-0.230225
262;0.131271;0.072662;-0.272964
263;-0.023148;0.237091;-0.045456
264;0.412689;0.400986;-0.224548
265;0.245453;0.828033;-0.206635
266;0.021637;1.258194;-0.112579
267;0.010223;1.868896;-0.169281
268;-0.582443;2.580002;0.192947
269;-1.289383;2.132477;0.313568
270;-2.073792;1.777908;0.273056
271;-2.111679;1.346237;0.497910
272;-1.335541;1.373978;0.600143
273;4.492126;2.283630;0.946701
274;-3.022232;1.145264;-0.265305
275;0.249863;1.097610;-0.508301
276;-0.167892;1.035339;-0.104034
277;-0.557755;1.041473;0.327621
278;-0.088440;1.038498;0.136719
279;-0.210648;0.934631;-0.154770
280;-0.088867;0.959610;-0.118347
281;-0.170105;1.007935;0.098511
282;-0.024933;1.008377;0.024811
283;0.026764;0.992264;-0.059906
284;-0.003799;0.987610;-0.020920
285;-0.040375;1.030594;0.042496
286;0.050217;1.079437;0.011398
287;0.025406;1.199097;-0.056778
288;0.057541;1.265747;-0.070374
289;0.013916;1.448441;0.015656
290;0.031342;1.883209;0.305145
291;0.692734;2.314713;0.394943
292;0.991684;2.024445;-0.084030
293;-0.212631;1.834625;-0.372620
294;-0.682663;1.298523;0.157211
295;-0.710388;0.604630;-0.201065
296;0.710159;-0.088165;0.058823
297;0.466797;0.226044;-0.130341
298;-0.300446;-0.003937;0.068115
299;0.125931;0.192474;-0.011551
300;0.520264;0.461685;-0.207458
301;0.198059;0.989304;-0.087708
302;-0.074600;1.357422;0.154236
303;-0.270447;2.150391;0.164062
304;-1.199783;2.533005;0.332397
305;-1.207870;2.125076;0.652267
306;-2.325485;1.546280;0.264389
307;-1.739349;1.429184;0.463394
308;2.444672;1.508484;1.371429
309;-1.635651;2.228867;-0.328918
310;-0.258560;0.418259;-0.167343
311;0.294540;1.390457;-0.042343
312;-0.982651;0.763596;0.310272
313;-0.054214;1.120163;0.153931
314;-0.047440;0.951385;-0.125366
315;-0.122208;0.981857;-0.127151
316;-0.082520;0.996613;0.116074
317;0.008743;1.013428;0.113953
318;0.001175;0.985748;-0.015747
319;-0.004288;1.002594;0.004684
320;-0.087524;1.012741;0.136383
321;0.062073;1.107040;0.039932
322;0.077606;1.206329;-0.099030
323;-0.007904;1.295547;0.031448
324;-0.011017;1.590027;0.072220
325;0.068634;1.984940;0.316879
326;0.850800;2.438583;0.085526
327;1.216599;1.908829;-0.163101
328;-0.487091;1.614243;-0.113846
329;-0.526489;1.031143;-0.125214
330;-0.858948;0.518204;-0.023285
331;0.579636;0.015671;-0.022491
332;0.419342;0.083496;-0.218094
333;-0.134460;0.173767;0.027008
334;0.340103;0.378708;-0.046432
335;0.343063;0.826141;-0.095795
336;-0.044434;1.172806;0.235611
337;-0.284103;1.599167;0.207184
338;-0.418365;2.292786;0.466690
339;-1.255844;2.213669;0.063370
340;-1.543213;1.960587;-0.033127
341;-2.563248;1.469437;0.274094
342;-1.242157;1.295151;0.718735
343;4.345474;2.287354;1.047226
344;-3.252167;1.915344;-0.166412
345;0.232849;0.724380;-0.511520
346;-0.107208;1.258270;-0.010605
347;-0.913284;0.950775;0.339935
348;0.119186;1.100494;0.145905
349;-0.324875;0.941147;-0.059753
350;-0.160553;0.987137;-0.085281
351;-0.142761;0.990555;0.065460
352;-0.068970;1.000259;0.075073
353;-0.093887;0.980240;0.022507
354;-0.088593;0.984177;0.046616
355;-0.118912;0.996887;0.100479
356;-0.031433;1.122787;0.028152
357;0.013748;1.204315;-0.057434
358;-0.010239;1.266785;0.046326
359;-0.020782;1.505051;0.052216
360;0.103241;1.830811;0.077011
361;0.748123;2.426987;-0.058807
362;1.385284;1.989044;-0.055130
363;-0.499985;1.843033;-0.137405
364;-0.234085;0.961716;0.243866
365;-1.088486;0.825775;-0.074341
366;0.382248;0.036362;0.255936
367;0.572220;0.054398;-0.299057
368;0.008972;0.138245;-0.103226
369;0.250671;0.388000;0.025513
370;0.387054;0.731949;-0.073517
371;0.034103;1.136276;0.152664
372;-0.195831;1.625549;0.149765
373;-0.449371;2.297302;0.438690
374;-1.251221;2.288651;0.209091
375;-1.500793;2.018967;-0.105743
376;-2.361969;1.446930;0.093750
377;-1.433578;1.378021;0.362183
378;2.801910;1.489807;1.610580
379;-1.525330;2.863510;-0.415176
380;-0.260010;0.292252;-0.148407
381;0.261246;1.397964;-0.115082
382;-0.959198;0.867981;0.420212
383;-0.156982;1.090240;0.120041
384;0.048782;0.974106;-0.172379
385;-0.227020;0.951736;-0.140350
386;-0.143234;1.008194;0.079926
387;0.022980;1.019897;0.017563
388;0.021484;0.994110;-0.023392
389;-0.021698;0.996475;-0.014801
390;-0.034958;1.015625;0.053986
391;-0.002213;1.046631;0.044403
392;0.019104;1.114532;-0.008957
393;0.030380;1.256149;-0.004974
394;-0.053864;1.335007;-0.049271
395;-0.036545;1.577774;0.193909
396;0.243225;2.027100;0.341385
397;0.985580;2.224686;0.128632
398;0.562119;1.809845;-0.210358
399;-0.445343;1.385864;-0.269043
400;-0.150925;1.062332;-0.099701
401;-0.732346;0.263123;-0.145920
402;0.362137;0.002472;0.048065
403;0.449768;0.228363;-0.234543
404;-0.209549;0.317642;-0.059982
405;0.163147;0.519028;-0.016998
406;0.365158;0.853134;-0.033264
407;-0.170502;1.275726;0.159149
408;-0.084366;1.700592;0.174728
409;-0.626633;2.364044;0.352493
410;-1.050873;2.049911;0.326904
411;-2.154190;1.672440;0.250839
412;-1.986099;1.498505;0.214951
413;-0.506821;1.631775;0.961075
414;0.731155;2.986832;-0.205963
415;-1.168823;-0.507294;-0.149734
416;0.383987;1.167648;-0.399704
417;-0.626114;0.823715;0.429428
418;-0.542374;1.023849;0.208252
419;0.212067;1.051117;0.028152
420;-0.339355;0.958603;-0.118362
421;-0.168930;0.967972;0.064423
422;-0.118164;1.017929;0.091095
423;-0.036041;0.984421;0.031021
424;-0.082397;0.971802;0.052124
425;-0.041168;0.987946;0.063339
426;-0.078278;1.000610;0.092926
427;-0.030167;1.078949;0.053253
428;0.062317;1.200180;-0.064697
429;0.079407;1.209717;-0.043045
430;-0.047958;1.399094;-0.051147
431;-0.074326;1.741074;0.227646
432;0.443253;2.346710;0.262299
433;1.320786;2.256851;-0.019073
434;0.434952;1.670837;-0.113449
435;-0.763321;1.112244;0.429810
436;-0.815475;0.798813;-0.186493
437;0.197311;-0.054031;0.341385
438;0.519897;0.205750;-0.220901
439;0.045334;0.081558;-0.207565
440;0.120819;0.278961;-0.015579
441;0.456985;0.467941;-0.185257
442;0.219818;0.905228;-0.063477
443;-0.094040;1.338394;0.134399
444;-0.160614;2.071869;0.100677
445;-1.141312;2.675201;0.443695
446;-1.421051;2.032196;0.360764
447;-2.691681;1.517273;0.187622
448;-1.888306;1.507446;0.438629
449;2.810944;1.528610;1.323639
450;-1.670044;2.716202;-0.029037
451;-0.004990;0.308914;-0.289642
452;0.496841;1.340393;-0.232590
453;-1.214447;0.906906;0.477325
454;0.021271;1.072479;0.081421
455;-0.078323;0.974213;-0.099731
456;-0.327423;0.952652;-0.081314
457;-0.130264;0.984390;0.006821
458;-0.038406;1.013550;0.034729
459;-0.050568;0.961533;0.011612
460;-0.017929;0.978500;-0.004211
461;-0.057434;1.003433;0.083817
462;-0.100006;1.059433;0.119598
463;0.087799;1.147736;-0.033844
464;0.067932;1.180145;-0.115112
465;-0.026764;1.285645;-0.030716
466;-0.001846;1.532990;0.112808
467;0.115616;2.093765;0.321442
468;1.039749;2.473312;0.276703
469;0.993805;1.674545;0.107574
470;-0.693405;1.549561;0.007462
471;-0.700104;0.892288;-0.135864
472;-0.488159;0.403336;-0.171738
473;0.590607;0.077713;-0.111481
474;0.293427;0.140228;-0.247452
475;-0.119202;0.179276;-0.025131
476;0.266083;0.369583;-0.148315
477;0.323166;0.763702;-0.202042
478;0.017883;1.178650;0.051834
479;-0.194427;1.657532;-0.044449
480;-0.389664;2.371033;0.274689
481;-1.201401;2.121078;0.087585
482;-1.902390;1.863663;0.271042
483;-2.252167;1.452087;0.326187
484;-1.241425;1.301819;0.839478
485;4.036377;2.203278;0.960846
486;-2.932953;1.743179;-0.351273
487;0.265427;0.708572;-0.419708
488;-0.091736;1.235382;0.065048
489;-0.838684;0.940765;0.253433
490;0.236511;1.118500;0.142975
491;-0.342117;0.939636;-0.147583
492;-0.152237;1.004730;-0.118927
493;-0.170868;0.984055;0.014114
494;-0.076462;1.006287;0.015579
495;-0.099670;0.991226;-0.020050
496;-0.085480;0.990768;-0.032578
497;-0.102036;0.956741;0.061523
498;-0.051346;1.025024;0.106659
499;0.028015;1.198166;0.015167
500;0.093430;1.273727;-0.106049
501;-0.005020;1.367859;0.007507
502;0.010529;1.683075;0.158279
503;0.472763;2.363113;0.333603
504;1.191559;2.165146;0.141998
505;0.076401;1.681488;-0.253204
506;-0.746307;1.278412;0.195023
507;-0.573593;0.696716;-0.342224
508;0.426346;0.090164;0.245026
509;0.510925;0.266800;-0.256104
510;-0.096146;0.063812;-0.127121
511;0.114059;0.302109;-0.048035
512;0.423706;0.525864;-0.232361
513;0.177689;0.992218;-0.011597
514;-0.104492;1.412277;0.069077
515;-0.248428;2.059677;0.326385
516;-1.312607;2.357727;0.243408
517;-1.183838;2.133850;0.368408
518;-2.295929;1.495224;0.414261
519;-1.775375;1.392181;0.375320
520;0.417236;1.147278;0.405273
521;0.544708;2.193329;-0.196396
522;-1.642181;0.159302;0.175568
523;0.949936;1.175903;-0.194641
524;-0.843979;0.713303;0.135956
525;-0.183090;1.094254;0.135437
526;-0.079559;1.020935;-0.013229
527;-0.209244;0.977524;-0.139679
528;-0.158493;0.978424;-0.010147
529;-0.060303;1.018890;0.077469
530;-0.031265;0.978821;0.011383
531;0.001816;1.000671;-0.037048
532;-0.107803;0.961884;0.070282
533;-0.101395;1.054581;0.065979
534;0.053574;1.139282;-0.014481
535;0.067841;1.217743;-0.067917
536;-0.025635;1.313538;-0.013474
537;-0.041550;1.523315;0.115097
538;0.097626;2.099548;0.320221
539;0.982635;2.322388;0.410217
540;0.841415;1.734009;0.072357
541;-0.411774;1.536224;-0.244934
542;-0.421341;1.212921;-0.184036
543;-0.366776;0.351425;-0.057770
544;0.668701;0.157944;-0.114853
545;0.225327;0.124390;-0.170517
546;-0.144028;0.218735;0.004562
547;0.349670;0.374329;-0.243912
548;0.406586;0.914520;-0.190933
549;-0.015244;1.351013;-0.024902
550;-0.202820;1.965866;-0.041351
551;-0.968643;2.346924;0.331833
552;-1.283539;1.812378;0.546478
553;-2.181473;1.706360;0.107330
554;-2.094955;1.472946;0.281937
555;0.734375;1.535980;1.132233
556;-0.603638;2.393600;-0.244690
557;-0.793716;-0.038574;-0.101990
558;0.504257;1.503250;-0.167847
559;-0.438370;0.717255;0.365906
560;-0.369583;1.016953;0.191910
561;0.038757;0.941711;-0.211929
562;-0.338287;0.963394;-0.100662
563;-0.161346;0.970749;0.033691
564;-0.154205;1.000946;0.034195
565;-0.120911;0.966461;0.015869
566;-0.131485;0.965103;0.018921
567;-0.050217;1.003952;0.055237
568;-0.118011;1.012665;0.120422
569;0.057159;1.152679;0.062210
570;0.045135;1.150253;-0.079285
571;0.026199;1.193039;-0.066956
572;-0.036469;1.415466;0.021271
573;-0.019943;1.821289;0.276718
574;0.541336;2.325958;0.312241
575;1.043930;2.052505;0.111664
576;0.070206;1.620621;-0.302643
577;-0.948090;1.210617;0.143661
578;-0.466644;0.645981;-0.297058
579;0.555313;0.062057;0.104858
580;0.350922;0.238770;-0.189911
581;-0.203827;0.114609;-0.092163
582;0.230942;0.279892;-0.170395
583;0.468552;0.628326;-0.253418
584;0.123260;1.005066;-0.051361
585;-0.116837;1.430817;0.018188
586;-0.160019;2.117020;0.079086
587;-1.115829;2.451385;0.169281
588;-1.135239;2.097305;0.417099
589;-2.583923;1.420059;0.466278
590;-1.929199;1.375183;0.636993
591;-0.232132;1.143326;0.725967
592;2.468933;1.531418;0.216125
593;-2.285965;0.752350;0.048172
594;0.798264;0.965118;-0.353210
595;-0.409698;0.816193;-0.106583
596;-0.416107;1.136047;0.330795
597;-0.037582;1.113220;0.123260
598;-0.273590;0.910568;-0.232620
599;-0.190811;1.005127;-0.065216
600;-0.198151;0.998123;0.050644
601;-0.058853;1.016281;-0.029556
602;-0.072723;0.988678;-0.025925
603;-0.054932;0.993088;-0.040741
604;-0.076248;0.980713;0.010956
605;-0.099945;1.016495;0.073730
606;0.060715;1.132523;-0.015701
607;-0.049026;1.264740;-0.035080
608;-0.042496;1.290009;0.076889
609;0.059692;1.609741;0.073425
610;0.425064;2.222229;0.162872
611;0.895035;2.295166;0.350906
612;0.455444;1.652237;0.062668
613;-0.610809;1.322495;0.074188
614;-0.591766;0.952072;-0.284912
615;-0.298752;0.288284;-0.023590
616;0.695496;0.099304;-0.279404
617;0.137955;0.120041;-0.312881
618;-0.133530;0.210938;-0.004791
619;0.337326;0.406555;-0.348007
620;0.277100;0.847092;-0.262802
621;-0.036148;1.285858;-0.036362
622;-0.162003;1.889679;-0.158844
623;-0.522751;2.401093;0.293335
624;-1.499542;1.998230;0.448868
625;-2.530350;1.750107;0.218506
626;-2.382843;1.457870;0.409851
627;0.455399;1.330795;0.531891
628;0.314987;2.119217;0.086334
629;-0.905151;0.060379;0.159531
630;0.765701;0.996719;-0.498672
631;-0.808868;0.700912;0.272598
632;-0.051178;0.997345;0.069580
633;-0.098282;1.037476;-0.023315
634;-0.248077;0.972092;-0.152451
635;-0.226685;1.003235;-0.028976
636;-0.151810;1.008514;-0.014984
637;-0.098602;0.976456;-0.022049
638;-0.083969;0.986176;-0.075867
639;-0.082169;0.974442;-0.062759
640;-0.076477;1.010925;0.021896
641;-0.019760;1.084702;0.089752
642;-0.010651;1.121613;-0.023773
643;-0.035233;1.242813;-0.178009
644;-0.013306;1.374283;0.058487
645;0.014816;1.632889;0.215500
646;0.473770;2.252579;0.199219
647;1.063278;2.148270;0.125458
648;-0.046921;1.683060;-0.063644
649;-0.650818;1.302216;0.156693
650;-0.581207;0.831345;-0.378204
651;0.364929;0.092911;0.177597
652;0.368988;0.131866;-0.321945
653;-0.033157;0.051941;-0.102539
654;0.172363;0.243881;-0.156326
655;0.420059;0.541321;-0.264542
656;0.155136;0.949371;-0.121399
657;-0.127838;1.261429;-0.099457
658;-0.055893;2.165756;-0.122513
659;-0.946457;2.494202;0.195328
660;-1.493744;1.953262;0.691422
661;-2.753677;1.512405;0.278336
662;-2.063736;1.424576;0.468277
663;2.398392;1.549362;0.832291
664;-1.445389;2.917572;0.035889
665;-0.265732;0.120728;-0.075150
666;0.737366;1.340271;-0.306549
667;-1.105637;0.765778;0.424881
668;-0.047836;1.021301;0.135223
669;-0.044128;0.989716;-0.050842
670;-0.335556;0.956589;-0.121796
671;-0.213470;0.973618;-0.016113
672;-0.140457;1.019547;0.029160
673;-0.071167;0.990555;0.010162
674;-0.070221;0.983139;-0.016083
675;-0.098450;1.003326;0.040115
676;-0.175385;1.014648;0.124725
677;-0.050125;1.058380;0.031097
678;-0.052078;1.208038;-0.128845
679;-0.050751;1.311356;-0.009781
680;0.002136;1.506348;0.120972
681;0.150757;2.031601;0.176498
682;0.967178;2.462662;0.093170
683;0.806549;1.817139;0.013885
684;-0.462570;1.557907;-0.063431
685;-0.709122;1.146027;-0.252258
686;0.437943;0.268265;0.102356
687;0.475861;0.368774;-0.055344
688;-0.199738;0.010162;0.023743
689;0.120102;0.207718;-0.104965
690;0.462540;0.483185;-0.217682
691;0.203918;0.974930;-0.158997
692;-0.020737;1.330780;-0.028091
693;-0.114792;2.000946;0.095581
694;-1.017380;2.370010;0.247086
695;-0.967239;1.866531;0.463028
696;-2.333817;1.771149;0.155334
697;-2.114914;1.543869;0.251541
698;-0.701050;1.754990;0.863754
699;0.633575;2.696854;-0.068970
700;-1.170486;-0.235199;-0.061493
701;0.589264;1.342682;-0.411423
702;-0.651749;0.722488;0.555664
703;-0.420364;1.031311;0.246475
704;0.210144;0.930954;-0.200256
705;-0.371948;0.924896;-0.130600
706;-0.180984;0.970688;0.013489
707;-0.149887;1.013763;0.024719
708;-0.156036;0.976547;0.040543
709;-0.151733;0.995163;0.046753
710;-0.043549;1.013443;0.003891
711;-0.058807;1.027084;0.044189
712;0.005722;1.086090;0.051270
713;0.073944;1.164124;-0.031097
714;0.017838;1.268631;-0.072556
715;-0.003510;1.414948;0.002563
716;0.001663;1.772522;0.255783
717;0.650864;2.284943;0.142395
718;1.221054;2.118347;-0.009171
719;0.015152;1.757019;-0.186508
720;-0.595749;1.097321;0.336365
721;-0.853836;0.862823;-0.356277
722;0.251312;-0.140472;0.390732
723;0.578476;0.191467;-0.271194
724;0.021561;0.058640;-0.203201
725;0.069946;0.263092;-0.043732
726;0.487701;0.495667;-0.240295
727;0.200470;0.971313;-0.075409
728;-0.088730;1.463715;0.084213
729;-0.229034;2.181046;0.184280
730;-1.204025;2.578781;0.284271
731;-1.421967;2.081955;0.400772
732;-2.605026;1.470230;0.326202
733;-1.605453;1.486725;0.494415
734;3.821732;1.923874;1.734833
735;-2.405579;2.561661;-0.347427
736;0.021835;0.444733;-0.482803
737;0.394669;1.550293;-0.081726
738;-1.080978;0.803131;0.505432
739;-0.039886;1.117706;0.238632
740;0.001419;0.937134;-0.295822
741;-0.298462;0.956039;-0.069733
742;-0.154999;0.983017;0.032990
743;-0.035904;1.002655;0.025467
744;-0.138596;0.970261;0.028076
745;-0.044388;0.999268;-0.027328
746;-0.086929;1.001831;0.032990
747;-0.107605;1.020844;0.098419
748;-0.003326;1.146622;0.042587
749;0.046082;1.253967;-0.144638
750;0.004471;1.308014;0.033157
751;0.014099;1.586075;0.110428
752;0.216553;2.313889;0.200790
753;1.036240;2.473541;0.096649
754;0.623627;1.592468;-0.190201
755;-0.662659;1.349960;0.240524
756;-0.588638;0.785049;-0.292923
757;-0.343643;0.223267;0.265381
758;0.707657;0.171677;-0.181519
759;0.212708;0.123672;-0.288116
760;-0.058411;0.278549;0.028152
761;0.407883;0.510391;-0.276611
762;0.171753;1.018280;-0.071777
763;-0.294464;1.349777;0.035934
764;-0.147385;1.814209;0.082489
765;-0.787369;2.346176;-0.009842
766;-0.912033;2.117203;0.265350
767;-2.083008;1.542755;0.585068
768;-1.916641;1.400482;0.420303
769;-1.115677;1.246109;0.858414
770;3.891373;2.288193;0.962738
771;-2.798843;0.745163;-0.078094
772;0.735184;0.955780;-0.533813
773;-0.500565;0.944199;0.234436
774;-0.541901;0.911224;0.198410
775;0.191589;1.114059;0.113129
776;-0.267380;0.957901;-0.310211
777;-0.077499;0.996277;-0.038849
778;-0.133484;1.025177;0.116043
779;-0.017654;0.991943;-0.055344
780;-0.056702;0.985519;-0.054337
781;-0.040527;0.995224;-0.022568
782;-0.033646;0.976364;-0.000458
783;-0.007309;1.006531;0.005890
784;0.122116;1.243805;-0.122452
785;-0.016541;1.223557;0.035797
786;0.046173;1.428574;-0.147003
787;-0.011658;1.911499;0.103989
788;0.628738;2.352051;0.292572
789;1.150253;2.193619;-0.003799
790;0.028015;1.671585;-0.220840
791;-0.633072;1.030075;0.229050
792;-0.788818;0.591629;-0.466888
793;0.392532;-0.144821;0.319458
794;0.660934;0.269928;-0.145905
795;-0.094803;0.074249;0.002762
796;0.025879;0.339066;0.058029
797;0.520813;0.563828;-0.162811
798;0.185150;1.114319;0.022766
799;-0.071411;1.545853;0.085297
800;-0.190231;2.351028;0.302673
801;-1.286087;2.476059;0.244766
802;-1.412216;2.041885;0.419464
803;-2.562317;1.461746;0.241226
804;-1.566330;1.403137;0.466125
805;2.787186;1.435135;0.762131
806;-0.703705;2.265152;0.200851
807;-0.590988;0.531418;-0.117935
808;0.621002;1.143204;-0.113159
809;-0.986252;0.693726;0.205582
810;-0.151093;1.061356;0.153809
811;0.041321;1.006561;0.040161
812;-0.356064;0.945648;-0.061066
813;-0.154510;0.976868;-0.086838
814;-0.150742;1.003021;0.048676
815;-0.107483;0.978088;0.051926
816;-0.045410;0.977524;0.004700
817;-0.030243;0.988571;0.038528
818;-0.105164;1.024216;0.086624
819;0.049393;1.150543;0.006927
820;0.004120;1.129868;0.011627
821;-0.006882;1.222061;0.016800
822;-0.026825;1.446991;-0.082367
823;-0.034485;1.786697;0.337524
824;0.670639;2.483490;0.203995
825;1.305328;2.159912;-0.015747
826;0.103714;1.570496;-0.146606
827;-0.389359;1.061066;0.383057
828;-0.644730;0.837372;-0.615463
829;-0.248810;0.031174;0.177322
830;0.501297;0.065506;-0.309097
831;0.238403;0.253571;-0.300201
832;-0.022888;0.322235;-0.014145
833;0.281448;0.613602;-0.279419
834;0.207764;1.118805;-0.093613
835;-0.248871;1.514267;-0.056519
836;-0.075592;2.111969;0.123642
837;-0.876266;2.543655;0.007690
838;-1.682480;2.119583;0.329788
839;-2.525787;1.400681;0.531006
840;-1.776367;1.398575;0.748627
841;3.498276;1.767319;1.171768
842;-1.542374;2.758682;0.249756
843;0.103027;0.161423;-0.059555
844;0.148056;1.502914;-0.177261
845;-0.898102;0.804642;0.424347
846;-0.103561;0.993576;0.101608
847;-0.136230;0.930130;-0.007187
848;-0.234497;0.962662;-0.119843
849;-0.168182;0.984070;-0.071915
850;-0.180588;1.002151;0.032822
851;-0.034073;0.997681;-0.003036
852;-0.049927;0.987869;-0.068802
853;0.016342;0.988510;-0.039719
854;-0.131104;0.975586;0.030502
855;0.041824;1.068283;-0.004242
856;-0.029739;1.148071;0.081558
857;0.102325;1.291382;-0.029297
858;0.025238;1.383713;-0.108536
859;0.077011;1.680511;0.187973
860;0.816971;2.390106;0.115692
861;0.905045;2.211426;0.270096
862;-0.047806;1.814331;-0.237076
863;-0.471390;1.154892;0.192932
864;-0.293961;0.741669;-0.460754
865;-0.414276;0.117416;0.017517
866;0.592773;-0.066467;-0.235001
867;0.356155;0.182999;-0.272354
868;-0.339890;0.197052;-0.131836
869;0.088364;0.395264;-0.035904
870;0.522125;0.834366;-0.152435
871;-0.000076;1.416321;0.086685
872;-0.281799;1.954025;0.113022
873;-0.839355;2.532074;0.261856
874;-1.276855;1.951859;0.508469
875;-2.690979;1.610443;0.139923
876;-1.837479;1.616501;0.418060
877;3.610199;1.965210;1.274719
878;-2.207245;2.280487;0.319397
879;0.127563;0.454330;-0.365433
880;0.307022;1.368225;-0.251083
881;-0.933548;0.899368;0.439240
882;-0.020401;0.985260;0.145645
883;-0.109299;0.966156;-0.078827
884;-0.281448;0.949600;-0.124954
885;-0.152481;0.983749;-0.018799
886;-0.134369;1.020081;0.023819
887;-0.055466;0.985031;0.000458
888;-0.066315;0.970047;-0.051285
889;-0.064941;0.997910;0.040741
890;-0.110001;1.038834;0.112473
891;0.027725;1.109772;0.083939
892;0.038147;1.197189;-0.106018
893;0.042267;1.248672;0.005203
894;0.004944;1.463684;0.046310
895;0.102631;2.044754;0.171432
896;1.114441;2.500565;0.127075
897;0.937561;1.814789;0.053055
898;-0.486160;1.627151;-0.255798
899;0.164978;0.760330;0.422211
900;-1.102676;0.957443;-0.609222
901;-0.642471;0.040054;0.194946
902;0.475784;0.002686;-0.187469
903;0.457932;0.222076;-0.327469
904;0.062912;0.361908;-0.025894
905;0.170197;0.639938;-0.090897
906;0.256699;1.039520;0.017059
907;-0.220291;1.537949;0.024750
908;-0.331741;2.218491;0.343628
909;-1.089447;2.353180;0.031326
910;-1.763870;2.039978;0.100662
911;-2.478027;1.464005;0.344727
912;-1.507675;1.481216;0.604340
913;3.470245;2.714676;0.493378
914;-2.851715;0.331009;0.109085
915;0.672546;0.930649;-0.637177
916;-0.358017;1.135376;0.334167
917;-0.707245;1.019470;0.275787
918;0.264114;1.167755;0.141953
919;-0.493515;0.919113;-0.210693
920;-0.204498;0.990021;-0.048325
921;-0.236450;1.007263;0.041473
922;-0.097275;1.004288;0.008102
923;-0.114960;1.004532;0.007950
924;-0.058823;0.978104;0.002548
925;-0.065720;0.984894;0.056824
926;-0.055801;1.037659;0.106033
927;0.017136;1.150482;-0.037949
928;0.071075;1.198257;-0.124283
929;-0.100494;1.263504;0.055969
930;-0.011398;1.589005;0.016556
931;0.233841;2.267365;0.103546
932;1.076508;2.367447;0.078445
933;0.677338;1.731781;-0.029572
934;-0.618301;1.286133;0.242737
935;-0.843460;0.920868;-0.247925
936;-0.048798;0.140976;0.356323
937;0.536957;0.281097;-0.203110
938;0.019058;-0.018570;-0.150742
939;0.049515;0.206345;-0.005615
940;0.479004;0.359436;-0.225906
941;0.289536;0.876221;-0.124573
942;-0.006989;1.184387;0.126617
943;-0.042877;1.890778;0.159286
944;-0.743896;2.440170;0.613052
945;-1.339951;1.961700;0.487213
946;-1.934357;1.849945;0.142334
947;-1.994324;1.459229;0.101318
948;-1.123550;1.346573;0.365295
949;3.020218;2.491882;0.555618
950;-2.720673;0.343719;-0.154327
951;0.970230;1.156509;-0.382355
952;-0.456177;0.797989;0.167374
953;-0.677460;0.987518;0.289566
954;0.242279;1.119614;0.028824
955;-0.490891;0.920883;-0.057892
956;-0.219147;0.964645;-0.073990
957;-0.132980;1.032852;-0.022568
958;-0.125290;1.009247;0.065247
959;-0.072861;0.976364;-0.031296
960;-0.095657;0.966827;-0.027222
961;-0.140427;0.962982;0.053055
962;-0.121124;0.991913;0.087219
963;-0.050735;1.068954;0.067001
964;0.018814;1.240723;-0.047318
965;-0.067413;1.294250;0.030426
966;0.032715;1.510544;-0.021194
967;0.229904;2.090240;0.128983
968;0.874344;2.323563;0.185608
969;0.578796;1.880249;0.022446
970;-0.381790;1.454132;-0.095413
971;-0.273422;1.154160;-0.216766
972;-0.567856;0.404373;-0.017776
973;0.604050;0.169617;-0.157104
974;0.253525;0.082275;-0.235001
975;-0.113464;0.187088;-0.004501
976;0.336670;0.338272;-0.167801
977;0.293182;0.760254;-0.170029
978;-0.028320;1.159332;-0.008026
979;0.048874;1.861389;-0.118896
980;-0.559433;2.517395;0.188690
981;-1.192856;2.142776;0.366577
982;-1.994110;1.861099;0.277924
983;-2.158340;1.428802;0.266846
984;-1.461578;1.383926;0.630646
985;3.693359;2.922363;1.144745
986;-2.984512;0.393173;-0.376251
987;0.415497;0.878204;-0.555252
988;-0.276825;1.161133;0.181885
989;-0.704071;0.983353;0.329620
990;0.072601;1.037750;0.084579
991;-0.298325;0.954605;-0.156662
992;-0.195435;0.974472;-0.121704
993;-0.203217;1.014603;0.080902
994;-0.035187;1.007446;0.025803
995;-0.050644;0.974609;-0.038177
996;-0.061661;0.960632;-0.037933
997;-0.098190;0.983475;0.108597
998;-0.009521;1.070099;0.067108
999;-0.034698;1.118286;-0.017349
1000;0.001038;1.203217;-0.039230
1001;-0.000290;1.375015;-0.063705
1002;-0.060562;1.664749;0.155090
1003;0.383347;2.220535;0.327866
1004;1.059021;2.355484;0.205948
1005;0.377869;1.688766;-0.108475
1006;-0.625519;1.374496;0.185669
1007;-0.603836;0.855881;-0.308319
1008;-0.004501;0.074692;0.172012
1009;0.641296;0.173660;-0.234375
1010;0.066315;0.030304;-0.206070
1011;-0.024826;0.236115;0.029694
1012;0.509659;0.434052;-0.223465
1013;0.176331;0.940308;-0.076813
1014;-0.094925;1.305466;0.051773
1015;0.040146;2.065277;0.074417
1016;-0.989594;2.549408;0.315567
1017;-1.181870;2.115189;0.479340
1018;-2.361282;1.578690;0.374786
1019;-1.979492;1.477478;0.576324
1020;1.919952;1.687592;1.499100
1021;-1.150726;2.201889;-0.215393
1022;-0.203217;0.260239;-0.515900
1023;0.410889;1.460403;0.066803
1024;-1.092163;0.827057;0.477325
1025;0.033646;1.061295;0.219849
1026;-0.092972;0.921280;-0.302277
1027;-0.289490;0.944763;-0.047424
1028;-0.192520;1.000793;0.049255
1029;-0.049561;1.049576;0.052444
1030;-0.048813;1.017960;0.030273
1031;-0.053848;1.001572;-0.021118
1032;-0.028717;1.028015;0.044907
1033;-0.105377;0.995422;0.059113
1034;-0.072906;1.065216;0.071854
1035;-0.012848;1.221634;-0.071777
1036;-0.086517;1.270798;0.130127
1037;0.097076;1.605652;0.031479
1038;0.364044;2.313980;0.034531
1039;1.151733;2.297470;-0.016510
1040;0.450378;1.758026;-0.160599
1041;-0.455200;1.157333;0.210602
1042;-0.646118;0.908173;-0.512680
1043;-0.152832;-0.129913;0.482986
1044;0.606369;0.214539;-0.310410
1045;0.192215;0.089676;-0.247009
1046;0.018372;0.418900;-0.011108
1047;0.405609;0.690292;-0.207718
1048;-0.034348;1.092926;0.097382
1049;-0.251724;1.347168;0.174683
1050;-0.223816;1.899246;0.315323
1051;-0.859222;2.212250;0.420776
1052;-1.251801;2.167038;0.210663
1053;-2.164261;1.536667;0.208389
1054;-1.800339;1.363831;0.448868
1055;0.492889;1.163712;0.619781
1056;0.470367;2.035156;0.104263
1057;-1.192368;0.406128;-0.066605
1058;0.730133;1.152542;-0.219421
1059;-0.747375;0.745346;0.295380
1060;-0.449600;0.934708;0.147705
1061;0.022629;1.040009;-0.121628
1062;-0.301300;0.960251;-0.179932
1063;-0.169724;1.003891;-0.004456
1064;-0.094131;1.025696;0.020538
1065;-0.087051;0.976562;-0.034958
1066;-0.108383;0.948502;-0.032486
1067;-0.101288;0.983566;0.003464
1068;-0.139343;0.983978;0.123276
1069;-0.069183;1.124420;0.062195
1070;-0.036545;1.197739;-0.081924
1071;-0.044632;1.277878;-0.007233
1072;0.005341;1.552917;0.087784
1073;0.226898;2.005859;0.187027
1074;0.968124;2.443726;0.056870
1075;0.832275;1.914780;0.038422
1076;-0.431351;1.521912;-0.174301
1077;-0.167557;0.942459;-0.033630
1078;-0.876938;0.570572;-0.199188
1079;0.522751;-0.103348;0.016144
1080;0.590286;0.238251;-0.344513
1081;-0.030212;0.254196;-0.113510
1082;0.188568;0.559677;-0.209991
1083;0.323059;0.966080;-0.132233
1084;-0.288315;1.290359;0.052521
1085;-0.191483;1.786362;0.210419
1086;-0.819397;2.223953;0.464996
1087;-1.227692;1.947067;0.393875
1088;-1.943954;1.854279;0.022614
1089;-2.090500;1.467331;0.111038
1090;-0.982285;1.207733;0.890076
1091;2.609650;2.133545;0.544556
1092;-2.448029;0.702789;-0.421555
1093;0.805481;1.061127;-0.483673
1094;-0.484604;0.784546;0.373260
1095;-0.661285;0.979080;0.264801
1096;0.350861;1.109924;-0.097839
1097;-0.413315;0.957458;-0.121841
1098;-0.164261;1.002487;-0.014191
1099;-0.073303;1.027603;-0.000229
1100;-0.105392;0.976562;0.045624
1101;-0.083832;0.963776;-0.051514
1102;-0.120560;0.960785;-0.017792
1103;-0.163742;0.955780;0.098221
1104;-0.045792;1.085876;0.025574
1105;0.015274;1.203110;-0.132782
1106;-0.007507;1.270065;0.008911
1107;-0.021881;1.438843;0.036102
1108;0.033432;1.764847;0.255676
1109;0.602661;2.310333;0.131790
1110;1.254272;2.173813;-0.022095
1111;-0.042664;1.800385;-0.223312
1112;-0.456924;1.227936;0.358002
1113;-0.748367;0.842300;-0.570389
1114;0.240540;-0.038773;0.312317
1115;0.512878;0.232315;-0.184143
1116;-0.047775;0.080750;-0.127930
1117;0.041870;0.288467;-0.032959
1118;0.412628;0.492401;-0.157135
1119;0.226669;1.001236;-0.032272
1120;-0.097610;1.409271;0.089767
1121;-0.072708;2.324783;0.124542
1122;-1.507706;2.607269;0.203384
1123;-1.630768;2.191833;0.553146
1124;-2.909576;1.458557;0.563721
1125;-1.694153;1.438309;0.698135
1126;5.793793;2.380219;1.335007
1127;-4.235138;1.756943;-0.588745
1128;0.719315;0.967285;-0.646698
1129;-0.300186;1.036575;0.261871
1130;-0.959656;0.972290;0.371384
1131;0.460724;1.158890;0.003128
1132;-0.457169;0.956024;-0.092850
1133;-0.212387;0.990295;-0.090271
1134;-0.185440;0.996155;-0.010056
1135;-0.110016;1.012283;0.029404
1136;-0.112228;0.978348;0.007812
1137;-0.046936;0.962845;-0.078171
1138;-0.103897;0.971344;0.013107
1139;-0.063889;1.018417;0.033096
1140;0.017517;1.101791;0.047684
1141;0.003296;1.219681;-0.008484
1142;-0.033356;1.263306;0.023804
1143;0.065872;1.535614;0.004364
1144;0.206314;2.163742;0.335724
1145;0.998520;2.525391;0.299194
1146;0.854218;1.778137;-0.002625
1147;-0.539902;1.540070;-0.228180
1148;-0.506241;1.094345;-0.213394
1149;-0.472427;0.460709;-0.193466
1150;0.581253;0.020126;-0.202484
1151;0.406174;0.100418;-0.282059
1152;-0.067795;0.198196;-0.052551
1153;0.286133;0.406693;-0.231812
1154;0.289597;0.834061;-0.187775
1155;-0.061234;1.344772;0.055313
1156;-0.071136;1.940445;-0.038834
1157;-0.773987;2.613251;0.258224
1158;-1.298950;1.990540;0.506577
1159;-2.157730;1.676147;0.392776
1160;-2.084534;1.465683;0.429214
1161;-0.115585;1.506363;0.661301
1162;0.761536;2.228577;-0.165970
1163;-1.298141;-0.260620;0.055939
1164;0.701355;1.271210;-0.222610
1165;-0.797501;0.764343;0.353058
1166;-0.353180;0.974014;0.137115
1167;0.048813;0.938538;-0.087830
1168;-0.263184;0.980881;-0.116043
1169;-0.166977;0.993240;-0.019653
1170;-0.137329;1.022552;0.038895
1171;-0.058426;0.990219;-0.011261
1172;-0.038498;0.995590;-0.056732
1173;-0.045776;0.997864;-0.018158
1174;-0.147995;1.001587;0.069046
1175;-0.053391;1.033051;0.050720
1176;0.001892;1.145462;-0.102234
1177;0.085678;1.247910;-0.077927
1178;-0.043457;1.404022;-0.050079
1179;-0.045532;1.785416;0.157822
1180;0.593216;2.378250;0.239410
1181;1.090546;2.270096;0.067169
1182;0.243896;1.661179;-0.242752
1183;-0.839676;1.299850;0.192322
1184;-0.728790;0.751892;-0.366791
1185;0.395737;-0.092789;0.223663
1186;0.651947;0.219254;-0.314301
1187;0.018173;0.049927;-0.144562
1188;0.098160;0.320511;-0.049789
1189;0.483810;0.604141;-0.194977
1190;0.127533;1.016815;0.034790
1191;-0.030045;1.489532;0.151443
1192;-0.054565;2.238953;0.215332
1193;-1.132446;2.619888;0.289734
1194;-1.394577;2.124374;0.380524
1195;-2.653809;1.385315;0.386673
1196;-1.634094;1.404144;0.571777
1197;4.143524;2.124527;1.328003
1198;-2.782867;2.296753;-0.105255
1199;0.207336;0.419571;-0.491898
1200;0.218567;1.577087;0.059509
1201;-0.969833;0.887894;0.310623
1202;0.074524;1.160110;0.207199
1203;-0.305267;0.893661;-0.183609
1204;-0.105362;0.965363;-0.143326
1205;-0.220184;0.984039;0.020096
1206;-0.102707;1.013489;0.043945
1207;-0.087677;1.006714;0.044678
1208;-0.033875;1.023804;0.001312
1209;-0.131378;1.013794;0.059540
1210;-0.124405;1.033493;0.057266
1211;-0.010223;1.125977;-0.020691
1212;0.004730;1.243118;-0.084137
1213;-0.096603;1.298080;0.109283
1214;-0.005280;1.583252;0.095322
1215;0.165298;2.109940;0.146439
1216;1.146469;2.383408;-0.061935
1217;0.871017;1.905899;-0.366714
1218;-0.559433;1.494568;-0.077545
1219;-0.317398;1.169678;-0.173248
1220;-0.846619;0.304245;0.180634
1221;0.435120;0.138397;-0.086960
1222;0.341705;0.065796;-0.174438
1223;-0.094925;0.198563;0.092667
1224;0.264938;0.350983;-0.043793
1225;0.406693;0.791412;-0.015274
1226;-0.024078;1.221527;0.323563
1227;-0.149750;1.644226;0.257172
1228;-0.516800;2.346939;0.598999
1229;-1.305328;2.293030;-0.025650
1230;-1.759003;1.964874;-0.084610
1231;-2.468643;1.465103;0.022339
1232;-0.620682;1.315521;0.706573
1233;1.598663;2.118256;0.230255
1234;-1.943451;-0.065033;0.280212
1235;0.834091;1.101318;-0.903076
1236;-0.609482;0.859390;0.332184
1237;-0.831253;0.895676;0.307983
1238;0.292755;1.142792;0.191513
1239;-0.411346;0.960739;-0.182236
1240;-0.214310;0.981644;-0.057220
1241;-0.258224;1.014832;0.114807
1242;-0.027069;1.020157;0.031647
1243;-0.064911;1.006790;0.046051
1244;-0.010223;0.988007;0.021240
1245;-0.112976;0.975800;0.091278
1246;-0.085648;1.083435;0.028336
1247;0.016129;1.147980;-0.037247
1248;0.113022;1.245392;-0.001801
1249;-0.081299;1.432373;0.041046
1250;0.013245;1.713425;0.185593
1251;0.509140;2.316772;0.060440
1252;1.341980;2.296814;-0.063553
1253;0.234177;1.664001;-0.114258
1254;-0.296738;0.740646;0.555374
1255;-0.918823;0.718964;-0.451218
1256;-0.230560;-0.390991;0.842331
1257;1.056000;0.254349;-0.404678
1258;0.252457;0.289276;-0.175446
1259;0.177277;0.652267;-0.016205
1260;0.358627;0.931137;-0.087234
1261;-0.185898;1.200043;0.209442
1262;-0.175705;1.569443;0.468018
1263;-0.491364;1.959763;0.469513
1264;-0.756210;2.072784;0.358017
1265;-1.354004;1.964188;-0.055496
1266;-2.197769;1.427719;0.255737
1267;-1.687881;1.448105;0.368622
1268;0.943649;1.401840;0.447037
1269;0.089996;2.305847;0.005463
1270;-1.004944;-0.003922;0.000031
1271;0.520874;1.304504;-0.146149
1272;-0.793945;0.823746;0.314102
1273;-0.305969;1.022324;0.115585
1274;-0.063461;0.923615;-0.079605
1275;-0.239258;0.970139;-0.112991
1276;-0.201584;0.989227;0.008636
1277;-0.132568;1.010254;0.068039
1278;-0.050934;0.991669;0.001358
1279;-0.083572;0.983047;-0.005478
1280;-0.078674;0.981400;0.010666
1281;-0.141861;0.996994;0.062286
1282;-0.020813;1.094009;0.027954
1283;-0.022736;1.148239;-0.039047
1284;0.020218;1.215118;-0.006821
1285;-0.032608;1.431076;-0.032928
1286;-0.072372;1.665985;0.261322
1287;0.576263;2.330750;0.120895
1288;1.130783;2.239761;-0.060822
1289;-0.032944;1.916794;-0.186737
1290;-0.255081;0.977859;0.198486
1291;-0.121979;1.070694;-0.487717
1292;-0.591278;-0.108749;0.288940
1293;0.440033;0.155182;-0.266907
1294;0.478149;0.129135;-0.217545
1295;-0.016632;0.368744;0.150620
1296;0.244263;0.541458;-0.040955
1297;0.245087;1.019211;0.080826
1298;-0.086441;1.430252;0.172562
1299;-0.180511;2.027695;0.215256
1300;-1.139297;2.501862;0.348999
1301;-1.287460;2.020859;0.293533
1302;-2.397736;1.459122;0.311951
1303;-1.779602;1.381882;0.489914
1304;0.026917;1.263947;0.057968
1305;1.358231;2.197098;-0.033157
1306;-2.142334;0.214493;0.347183
1307;0.640518;0.875137;-0.362411
1308;-0.616592;0.958023;0.086182
1309;-0.486481;0.961288;0.200806
1310;-0.054993;1.016296;0.209213
1311;-0.383011;0.946030;-0.090424
1312;-0.010025;1.004150;-0.182983
1313;-0.182907;0.997620;0.143784
1314;-0.045792;0.994537;0.062485
1315;0.067230;1.002151;-0.098450
1316;-0.052505;0.972229;0.009506
1317;-0.074677;0.998688;0.080093
1318;0.048843;1.024643;-0.026779
1319;0.042755;1.162949;-0.042053
1320;0.043060;1.234665;-0.134674
1321;0.004303;1.425278;-0.102234
1322;-0.029358;1.716125;0.263474
1323;0.385178;2.267578;0.339447
1324;1.106323;2.244308;0.077820
1325;0.270065;1.798080;-0.151230
1326;-0.192673;1.264542;0.316620
1327;-0.357529;0.880325;-0.626633
1328;-0.132935;-0.114288;0.334732
1329;0.740616;0.262466;-0.313004
1330;0.176590;0.061493;-0.163498
1331;-0.063156;0.356537;0.092850
1332;0.447281;0.591141;-0.192322
1333;0.121338;1.110840;-0.030640
1334;-0.133652;1.554153;0.020569
1335;-0.309662;2.292572;0.296280
1336;-1.344070;2.338425;0.223953
1337;-1.615417;2.156906;0.270599
1338;-2.369080;1.546631;0.240662
1339;-1.872910;1.431320;0.525650
1340;3.902328;2.512512;1.607925
1341;-2.405197;0.899811;-0.143295
1342;0.161926;0.864044;-0.714233
1343;-0.235443;1.394455;0.240921
1344;-0.728470;0.894867;0.261139
1345;0.144073;1.172745;0.155624
1346;-0.387466;0.918716;-0.122986
1347;-0.260483;0.971329;-0.047043
1348;-0.180939;0.983688;-0.047546
1349;-0.118652;1.003830;0.003647
1350;-0.158920;0.956329;0.017899
1351;-0.150818;0.963730;-0.046127
1352;-0.106262;0.990631;0.002716
1353;-0.092773;1.010757;0.040863
1354;0.006134;1.148499;-0.010895
1355;0.064545;1.270172;-0.073212
1356;-0.088699;1.300186;0.109665
1357;0.078003;1.607986;0.003799
1358;0.403183;2.286377;0.107925
1359;1.229385;2.325134;0.018173
1360;0.343262;1.874741;-0.093445
1361;-0.235733;1.114227;0.173828
1362;-0.024475;1.133652;-0.519196
1363;-0.951736;0.008865;0.194443
1364;0.502045;0.030731;-0.155655
1365;0.627182;0.124069;-0.310181
1366;0.000305;0.295013;0.074158
1367;0.230347;0.542923;-0.118683
1368;0.335144;1.031464;-0.062119
1369;-0.210876;1.419098;0.036697
1370;-0.265884;2.191742;0.259781
1371;-1.052261;2.477463;0.172195
1372;-1.395538;2.153214;0.222748
1373;-2.629944;1.534790;0.387939
1374;-1.715485;1.548172;0.494675
1375;2.066879;1.615158;0.464767
1376;-0.790802;2.102005;0.232880
1377;-0.675903;0.493301;0.039642
1378;0.580658;1.235382;-0.193100
1379;-0.859100;0.794006;0.299561
1380;-0.061066;1.042953;0.143204
1381;-0.143204;0.991318;0.026474
1382;-0.144424;0.986526;-0.145584
1383;-0.165909;0.981125;-0.027756
1384;-0.091492;1.017761;0.057419
1385;-0.036285;0.997772;0.001328
1386;-0.069534;0.985458;-0.017517
1387;-0.099731;0.991272;0.006927
1388;-0.071854;1.059616;0.034943
1389;-0.007233;1.079742;0.060013
1390;0.027161;1.179871;-0.058304
1391;-0.045471;1.273697;0.036102
1392;0.033798;1.485489;0.118088
1393;0.262573;1.938736;0.225281
1394;0.930161;2.343018;0.126617
1395;0.804840;1.997681;-0.148941
1396;-0.381042;1.571945;-0.310410
1397;-0.161896;1.314575;0.032928
1398;-0.736771;0.603302;-0.410339
1399;0.553833;-0.084579;0.087662
1400;0.608841;0.276718;-0.213898
1401;-0.091553;0.219254;0.015747
1402;0.247131;0.445221;-0.046600
1403;0.330719;0.849945;-0.043472
1404;-0.040817;1.302643;0.174515
1405;-0.073547;2.041702;0.179733
1406;-0.891769;2.554688;0.377960
1407;-1.243637;2.131073;0.473785
1408;-2.244461;1.629257;0.361603
1409;-2.178650;1.422989;0.312607
1410;-0.739227;1.338623;0.549652
1411;2.257019;2.111786;0.207901
1412;-2.191864;0.404709;0.024323
1413;0.804733;1.064636;-0.480179
1414;-0.653168;0.874069;0.203583
1415;-0.562347;0.999939;0.273529
1416;0.306473;1.093536;0.097946
1417;-0.380951;0.921982;-0.156250
1418;-0.123489;0.979889;-0.058685
1419;-0.123962;1.025803;0.089584
1420;-0.038986;1.008636;0.015686
1421;-0.119080;0.978668;-0.020096
1422;-0.110764;1.004211;0.046112
1423;-0.136520;1.008133;0.108719
1424;-0.036118;1.084396;-0.002579
1425;-0.014496;1.187988;-0.043610
1426;-0.025970;1.287491;0.077515
1427;-0.030014;1.472656;0.106476
1428;0.210648;1.884094;0.105652
1429;0.832016;2.406998;0.019165
1430;1.203812;2.114685;-0.090683
1431;-0.385086;1.799332;-0.221649
1432;-0.144363;1.120331;0.317749
1433;-1.167419;0.754562;-0.223892
1434;0.141556;-0.038925;0.280029
1435;0.571655;0.129700;-0.298538
1436;-0.000977;0.173706;-0.147049
1437;0.052994;0.331985;0.117111
1438;0.474625;0.647491;-0.099899
1439;0.081940;1.160095;0.137253
1440;-0.195129;1.624222;0.139709
1441;-0.532211;2.398849;0.540359
1442;-1.274307;2.317886;0.260834
1443;-1.630081;1.897446;0.082047
1444;-2.433258;1.452286;0.250717
1445;-1.467239;1.297424;0.576736
1446;3.842667;2.176910;1.189163
1447;-2.608917;1.324036;-0.484268
1448;0.155273;1.147598;-0.310959
1449;-0.182632;0.981308;-0.018753
1450;-0.897888;0.926559;0.313492
1451;0.185806;1.104279;0.037125
1452;-0.505386;0.966827;0.061584
1453;-0.250809;0.995041;-0.058380
1454;-0.249329;0.968338;-0.065735
1455;-0.159592;1.028809;0.018753
1456;-0.108871;0.983551;0.043732
1457;-0.102478;0.985580;-0.036606
1458;-0.163132;0.990036;0.073151
1459;-0.154907;1.075150;0.149872
1460;0.010300;1.151749;-0.002304
1461;-0.060944;1.226120;-0.025345
1462;-0.029938;1.376923;-0.000870
1463;0.050934;1.621170;0.184769
1464;0.505707;2.251205;0.093231
1465;1.257492;2.241257;-0.075882
1466;0.042694;1.961151;-0.085831
1467;-0.354187;1.331985;0.280914
1468;-0.744873;1.015182;-0.598099
1469;0.304001;-0.106018;0.306931
1470;0.532211;0.167435;-0.217117
1471;-0.116241;0.059128;-0.039398
1472;0.176056;0.245453;-0.078491
1473;0.466980;0.624374;-0.144989
1474;0.016800;1.042679;0.045105
1475;-0.141586;1.397934;0.227539
1476;-0.318085;2.067871;0.423157
1477;-1.169128;2.371338;0.335541
1478;-1.268082;2.257584;0.059387
1479;-2.424042;1.539261;0.266998
1480;-1.764328;1.514343;0.401276
1481;2.243805;1.833755;0.930222
1482;-1.423141;2.086121;-0.226471
1483;-0.381546;0.494720;-0.301270
1484;0.479919;1.569870;0.118439
1485;-0.917801;0.758377;0.388306
1486;-0.047928;1.120392;0.160172
1487;-0.111160;0.985336;-0.141937
1488;-0.287277;0.964386;-0.078461
1489;-0.164612;0.968048;-0.026596
1490;-0.038895;1.023239;0.010269
1491;-0.095291;0.991837;0.052597
1492;-0.008011;0.987671;-0.041428
1493;-0.066330;0.982452;0.009323
1494;-0.122147;0.985199;0.051132
1495;0.037842;1.132523;0.016403
1496;0.028595;1.217392;-0.036667
1497;0.011292;1.285034;-0.009674
1498;-0.009628;1.473526;-0.038956
1499;0.033447;1.716599;0.194824
1500;0.715363;2.396057;0.213150
1501;1.151245;2.160080;-0.011276
1502;-0.204086;1.920120;-0.274078
1503;-0.132401;1.229401;0.311600
1504;-0.647858;0.943024;-0.823563
1505;0.183701;-0.217636;0.273376
1506;0.514114;0.214844;-0.274185
1507;0.007568;0.079498;-0.135696
1508;0.089127;0.307602;-0.045135
1509;0.418945;0.651627;-0.181076
1510;0.178772;1.193298;-0.006973
1511;-0.089996;1.691788;-0.113235
1512;-0.397552;2.520981;0.325394
1513;-1.331543;2.190796;0.195648
1514;-1.884338;2.072052;0.220795
1515;-2.295654;1.507629;0.358078
1516;-1.722122;1.408813;0.519928
1517;1.711517;1.147888;0.514099
1518;-0.085205;1.938446;0.387650
1519;-1.187592;0.634949;0.167358
1520;0.826843;1.032455;-0.281311
1521;-0.800385;0.774963;0.141006
1522;-0.154938;1.004517;0.177399
1523;-0.065796;1.043488;0.164581
1524;-0.234085;0.942780;-0.132034
1525;-0.117020;0.988602;-0.103363
1526;-0.089859;1.023682;0.063995
1527;-0.039322;0.996735;0.029221
1528;0.006592;0.978149;-0.073181
1529;-0.046127;0.972626;0.030304
1530;-0.069183;1.042313;0.065155
1531;0.010376;1.099960;-0.002335
1532;0.144836;1.235214;-0.107529
1533;-0.041885;1.310974;0.059341
1534;0.025986;1.524063;0.063080
1535;0.203033;2.101547;0.366760
1536;1.011169;2.267242;0.208725
1537;0.990799;1.853241;-0.026733
1538;-0.438705;1.602814;-0.260864
1539;-0.485535;1.167236;-0.105515
1540;-0.566910;0.419449;-0.160919
1541;0.621948;0.008682;-0.087357
1542;0.380966;0.096466;-0.263229
1543;-0.148178;0.183472;-0.000534
1544;0.327148;0.388077;-0.172897
1545;0.320724;0.884567;-0.133240
1546;-0.007507;1.343170;0.087097
1547;0.073288;2.036148;-0.001587
1548;-0.707214;2.619675;0.444336
1549;-1.440048;2.033127;0.526459
1550;-2.368561;1.698914;0.413818
1551;-2.055435;1.468384;0.470947
1552;-0.007874;1.440262;0.717209
1553;0.852600;2.111221;-0.159088
1554;-1.548401;-0.198929;-0.156403
1555;0.823395;1.428604;-0.188416
1556;-0.920837;0.803574;0.460144
1557;-0.220337;1.067474;0.118912
1558;-0.052612;0.981979;-0.136169
1559;-0.296585;0.978333;-0.097137
1560;-0.144150;0.988785;-0.060440
1561;0.014160;1.043564;-0.017120
1562;-0.061691;0.973694;0.020737
1563;-0.021851;0.964951;-0.078674
1564;-0.024582;0.970215;-0.074905
1565;-0.080521;0.991547;0.035446
1566;0.038773;1.098633;0.071335
1567;0.025375;1.233475;-0.016663
1568;-0.015274;1.278091;0.082657
1569;0.014679;1.516068;-0.006729
1570;0.190125;1.913773;0.198090
1571;0.931091;2.388107;0.170395
1572;1.122543;1.960739;-0.131729
1573;-0.510529;1.714478;-0.259445
1574;-0.348785;1.093964;0.262314
1575;-1.036972;0.730682;-0.525604
1576;0.287933;-0.177734;0.145248
1577;0.766647;0.247650;-0.328552
1578;0.036987;0.190430;-0.178177
1579;0.037567;0.415527;-0.045914
1580;0.405045;0.692200;-0.145676
1581;0.037521;1.203232;0.102661
1582;-0.050766;1.704987;0.117966
1583;-0.316666;2.372314;0.401337
1584;-1.287445;2.354355;0.130096
1585;-1.692001;1.970657;0.309708
1586;-2.475876;1.479965;0.340652
1587;-1.286560;1.387405;0.513779
1588;4.526672;1.927170;1.080551
1589;-2.515427;2.146194;-0.091888
1590;0.275253;0.720154;-0.266739
1591;0.318008;1.181351;-0.202728
1592;-0.997375;0.957977;0.396164
1593;0.165680;1.026871;0.237869
1594;-0.290970;0.936890;-0.063522
1595;-0.079514;0.977783;-0.118408
1596;-0.179581;1.011948;0.008347
1597;-0.107681;1.027008;0.067078
1598;-0.039490;1.008301;0.008301
1599;-0.002075;0.992218;-0.033829
1600;-0.042786;0.984467;0.030014
1601;-0.063370;1.027969;0.041382
1602;0.016815;1.121964;0.047302
1603;0.080902;1.175964;-0.072861
1604;-0.027145;1.210266;0.042114
1605;0.047653;1.519272;-0.034195
1606;0.016785;1.876923;0.339554
1607;0.919601;2.447876;0.106476
1608;1.263474;1.997284;-0.185349
1609;-0.433029;1.715652;-0.293198
1610;-0.548019;1.043808;0.258835
1611;-0.924133;0.762024;-0.365768
1612;0.531723;-0.117691;0.051773
1613;0.564926;0.202026;-0.309769
1614;-0.059174;0.166504;-0.044281
1615;0.119080;0.349808;-0.035110
1616;0.380844;0.643021;-0.134415
1617;0.078125;1.063980;0.045105
1618;0.020111;1.573181;0.017960
1619;-0.169250;2.607193;0.267075
1620;-1.607559;2.438553;0.008560
1621;-1.698318;2.052307;0.350998
1622;-2.538849;1.388901;0.392654
1623;-1.759628;1.362885;0.522736
1624;2.333298;0.996170;0.496689
1625;-0.637589;2.488205;0.214935
1626;-0.647659;0.151581;0.570892
1627;0.988708;1.483536;-0.237885
1628;-1.118317;0.815063;0.505722
1629;-0.260941;0.945694;0.027512
1630;-0.087708;1.104019;0.012360
1631;-0.352997;0.926651;-0.156906
1632;-0.115417;1.031357;-0.062454
1633;0.037476;1.033478;0.003769
1634;-0.017914;0.984024;-0.023819
1635;-0.103989;0.946182;-0.067841
1636;-0.117615;0.962418;0.002243
1637;-0.071686;0.989746;0.076645
1638;-0.077820;1.137985;0.003448
1639;0.057617;1.358963;-0.141617
1640;-0.068909;1.357315;0.105713
1641;0.148438;1.716980;0.108765
1642;0.544342;2.264404;0.230026
1643;1.106781;2.159348;0.110138
1644;0.024704;1.763458;-0.225281
1645;-0.800659;1.377106;0.101318
1646;-0.764145;0.772156;-0.363129
1647;0.718445;-0.150040;0.102386
1648;0.519638;0.311249;-0.265839
1649;-0.103592;0.036697;-0.038437
1650;0.258957;0.386383;-0.150299
1651;0.471359;0.729645;-0.126648
1652;-0.027191;1.118179;0.124680
1653;-0.032654;1.431625;0.101349
1654;-0.267776;2.296875;0.345306
1655;-1.168793;2.384796;0.269760
1656;-1.403442;2.157043;0.415359
1657;-2.552780;1.408966;0.443146
1658;-1.818161;1.298599;0.646896
1659;0.951752;1.248215;0.274292
1660;0.284668;2.147324;0.416260
1661;-1.254944;0.368042;0.340424
1662;0.820816;1.131332;-0.241531
1663;-0.918762;0.825134;0.213348
1664;-0.283264;1.017471;0.106186
1665;-0.140625;1.054565;0.165497
1666;-0.102936;0.987976;-0.165359
1667;-0.059845;1.003128;-0.068787
1668;-0.017670;0.994965;0.066437
1669;0.093704;0.999954;-0.094055
1670;0.087784;0.929733;-0.090088
1671;-0.125427;0.958725;0.118851
1672;0.025452;1.115768;0.121323
1673;0.030228;1.198074;-0.087021
1674;0.022797;1.258240;-0.087784
1675;-0.025421;1.553879;-0.022751
1676;0.017456;1.698639;0.370911
1677;0.676300;2.344803;0.201828
1678;1.371750;2.043167;-0.171585
1679;-0.361465;2.130386;-0.240417
1680;-0.385040;1.374054;0.354172
1681;-0.783997;1.107437;-0.447861
1682;0.095993;0.006821;0.082870
1683;0.490524;0.175278;-0.301102
1684;0.060715;0.155289;-0.222961
1685;0.198471;0.355179;-0.152145
1686;0.403748;0.654922;-0.187943
1687;0.077866;1.087814;0.033646
1688;0.012985;1.616150;-0.034424
1689;-0.068130;2.378815;0.174103
1690;-1.557373;2.366364;-0.009460
1691;-1.748749;1.940109;0.553116
1692;-2.368942;1.564911;0.537537
1693;-1.747253;1.562836;0.425964
1694;2.879608;2.096207;0.898895
1695;-1.953354;1.660568;0.160477
1696;0.008698;0.511566;-0.266495
1697;0.463730;1.569595;0.070541
1698;-1.187958;0.992493;0.310608
1699;0.247513;1.124527;0.265869
1700;-0.422760;0.937668;-0.198257
1701;-0.020660;0.995209;-0.087112
1702;-0.152145;1.001205;0.063507
1703;-0.048798;1.040466;0.036163
1704;-0.041397;0.998154;0.017807
1705;-0.065842;0.989243;-0.009354
1706;-0.074768;1.014816;0.027557
1707;-0.099976;1.015869;0.060394
1708;0.012634;1.109634;-0.010483
1709;0.129242;1.259857;-0.090195
1710;-0.103256;1.293869;0.125717
1711;-0.059326;1.575684;0.113297
1712;0.173279;2.187622;0.188828
1713;1.017761;2.491150;0.020966
1714;1.035217;1.843002;-0.297867
1715;-0.481537;1.585556;-0.124695
1716;-0.525558;1.194992;-0.107895
1717;-0.637878;0.256866;0.285172
1718;0.678101;0.307419;-0.202896
1719;0.240372;-0.031326;-0.151276
1720;-0.050262;0.202652;0.111755
1721;0.454987;0.320557;-0.152969
1722;0.275269;0.812622;-0.005722
1723;-0.078873;1.081696;0.227539
1724;-0.041992;1.641724;0.278397
1725;-0.611435;2.352631;0.541534
1726;-1.057526;2.229446;0.131241
1727;-2.014114;1.821854;0.031189
1728;-2.320557;1.411285;0.284393
1729;-1.306274;1.262421;0.688248
1730;4.801331;2.258606;1.114960
1731;-3.547516;1.233200;-0.471436
1732;0.264664;1.021652;-0.555420
1733;-0.637039;1.287781;0.050766
1734;-0.704453;0.854797;0.341202
1735;-0.040588;1.101196;0.121826
1736;-0.408112;0.928940;-0.055725
1737;-0.200516;0.977936;-0.181305
1738;-0.189850;0.978973;0.015015
1739;-0.060455;1.016327;0.058517
1740;-0.156418;0.957794;-0.030533
1741;-0.117645;0.920868;-0.048508
1742;-0.205612;0.916077;0.113937
1743;-0.169769;1.117889;0.054733
1744;-0.018188;1.276489;0.003693
1745;-0.088547;1.358429;0.190399
1746;-0.058823;1.561371;-0.035629
1747;0.429993;2.152817;0.068298
1748;1.225708;2.502838;0.009216
1749;0.537918;1.992920;-0.118790
1750;-0.127441;1.325043;0.471497
1751;-0.873489;1.036118;-0.828751
1752;-0.019730;-0.206818;0.827408
1753;0.946732;0.435440;-0.511078
1754;0.102097;0.102646;-0.270004
1755;0.060349;0.513809;-0.064194
1756;0.602158;0.894669;-0.148849
1757;-0.047211;1.238571;0.071701
1758;-0.013779;1.804611;0.122742
1759;-0.418961;2.603668;0.275955
1760;-1.297989;2.481659;0.105225
1761;-2.173889;2.092529;0.081467
1762;-2.574371;1.581772;0.163193
1763;-1.989349;1.365463;0.590958
1764;3.481232;1.667618;0.884979
1765;-1.840012;3.096649;-0.037537
1766;-0.151215;0.656876;0.092361
1767;0.316208;1.214691;-0.143677
1768;-0.961151;0.968658;0.332199
1769;0.211212;1.112411;0.136230
1770;-0.401443;0.981445;-0.054901
1771;-0.187698;0.984726;-0.142212
1772;-0.191238;0.981598;-0.012955
1773;-0.052490;1.038727;0.041870
1774;-0.006088;1.002228;-0.021393
1775;-0.105133;0.962555;-0.064468
1776;-0.078079;0.980911;-0.022568
1777;-0.044205;1.047638;0.013290
1778;-0.025620;1.109741;0.047760
1779;0.074524;1.311432;-0.046509
1780;-0.090576;1.377777;0.047195
1781;0.009537;1.611099;0.137253
1782;0.469208;2.263550;0.130783
1783;1.341599;2.299789;-0.105286
1784;0.415878;1.827530;-0.175339
1785;-0.419952;1.193054;0.153641
1786;-0.178802;1.020233;-0.523972
1787;-0.429794;0.029770;0.282028
1788;0.522217;0.210358;-0.141312
1789;0.244141;-0.017029;-0.214600
1790;0.009567;0.289993;0.063995
1791;0.436447;0.431717;-0.159332
1792;0.269699;0.908066;-0.059982
1793;-0.056824;1.378937;0.122589
1794;-0.046127;2.295135;0.112778
1795;-1.003357;2.816666;0.193222
1796;-1.436600;2.128815;0.417114
1797;-2.927811;1.439331;0.551468
1798;-1.942978;1.463730;0.690475
1799;-0.447418;1.409637;0.431641
1800;4.087708;1.720596;-0.326981
1801;-3.515869;0.611557;0.103851
1802;1.077164;1.151047;-0.292053
1803;-0.984024;0.648682;-0.103424
1804;-0.324356;0.902649;0.043930
1805;0.182327;1.140442;0.061951
1806;-0.431488;0.929779;-0.042267
1807;-0.242966;0.980637;-0.104355
1808;-0.086258;1.032745;-0.038544
1809;-0.067535;0.997330;-0.017303
1810;-0.027802;0.979034;-0.089600
1811;-0.008041;1.009109;-0.054810
1812;-0.094330;0.953323;0.128311
1813;0.009445;1.112061;0.002335
1814;-0.031326;1.185776;-0.028885
1815;0.004944;1.305222;0.023132
1816;-0.021271;1.486526;0.002274
1817;0.236542;1.869354;0.147034
1818;0.767456;2.319504;0.125946
1819;0.979507;1.965622;-0.002930
1820;-0.485062;1.690857;-0.308990
1821;-0.264404;1.214478;0.227493
1822;-1.124588;0.596420;-0.404434
1823;0.283981;-0.068085;0.051208
1824;0.724686;0.130081;-0.265930
1825;-0.007706;0.200394;-0.099045
1826;0.122238;0.366989;-0.044968
1827;0.421753;0.735123;-0.109589
1828;0.051819;1.151947;0.101364
1829;-0.077240;1.667435;0.069534
1830;-0.355072;2.507492;0.332993
1831;-1.163605;2.450058;0.184723
1832;-1.989120;1.958923;0.144730
1833;-2.349518;1.532578;0.137344
1834;-1.511887;1.284836;0.633057
1835;4.344101;2.306366;1.347977
1836;-2.812943;2.059677;-0.393463
1837;0.027466;0.802322;-0.371552
1838;-0.026917;1.289490;-0.111801
1839;-0.942810;0.922653;0.436630
1840;-0.011002;1.132996;0.132706
1841;-0.285202;0.972214;-0.045181
1842;-0.217178;0.964951;-0.131241
1843;-0.151718;0.999191;-0.002823
1844;-0.038132;1.021378;0.020752
1845;-0.102051;0.963882;0.025269
1846;-0.085434;0.922592;-0.044403
1847;-0.116760;0.949158;0.018204
1848;-0.124680;0.997116;0.068039
1849;-0.049759;1.132156;0.053299
1850;0.060501;1.265335;-0.035400
1851;-0.018356;1.324570;0.044662
1852;0.047897;1.541946;-0.023193
1853;0.165268;1.934525;0.341141
1854;1.131287;2.411560;0.049469
1855;1.041824;1.910248;-0.080841
1856;-0.595078;1.731171;-0.210403
1857;-0.269745;1.079636;0.155518
1858;-0.835403;0.540543;-0.129303
1859;0.430542;-0.023666;0.000259
1860;0.506439;0.086258;-0.190552
1861;-0.102463;0.145798;0.051422
1862;0.176285;0.328293;-0.040085
1863;0.404327;0.748459;-0.093414
1864;0.049973;1.203964;0.164093
1865;-0.027954;1.764175;0.074417
1866;-0.418320;2.637421;0.474960
1867;-1.316437;2.367386;0.085236
1868;-2.119949;1.823898;0.175964
1869;-2.360062;1.560715;0.228409
1870;-1.074799;1.507706;0.726166
1871;2.264923;2.201508;0.378448
1872;-2.427460;0.050766;-0.244629
1873;0.701263;1.262039;-0.435394
1874;-0.906509;0.765564;0.279236
1875;-0.467926;0.992310;0.162216
1876;0.062225;1.022858;-0.064499
1877;-0.421082;0.959671;-0.056625
1878;-0.236710;0.978561;-0.063171
1879;-0.128754;1.019119;-0.049118
1880;-0.105118;1.005081;0.035660
1881;-0.107285;0.997238;0.055664
1882;-0.037689;1.009567;-0.023132
1883;-0.138535;0.968506;0.123825
1884;-0.116623;1.070389;0.084564
1885;-0.026840;1.201996;-0.041611
1886;0.046387;1.265945;0.053268
1887;0.007324;1.441071;0.052155
1888;0.156769;1.749207;0.138214
1889;0.819809;2.493149;-0.011047
1890;1.229645;2.085388;-0.064362
1891;-0.417542;1.902100;-0.163101
1892;-0.168518;1.154953;0.306168
1893;-1.143875;0.845123;-0.297699
1894;0.313492;-0.002258;0.075699
1895;0.607407;0.130508;-0.222977
1896;-0.086426;0.172943;-0.055069
1897;0.193619;0.310196;-0.078827
1898;0.421158;0.695038;-0.139313
1899;0.070312;1.049728;0.061676
1900;-0.027649;1.553360;0.088089
1901;-0.297531;2.437256;0.304108
1902;-1.375687;2.575790;0.080551
1903;-1.704590;2.100189;0.118118
1904;-2.757904;1.466354;0.276382
1905;-1.569427;1.389771;0.573212
1906;4.638290;2.225571;1.477020
1907;-2.991455;2.425827;-0.379135
1908;-0.041931;0.763885;-0.339066
1909;0.189789;1.233246;-0.210175
1910;-1.145325;0.909744;0.514755
1911;0.088867;1.153259;0.151794
1912;-0.264709;0.974487;-0.118149
1913;-0.181320;0.989029;-0.180527
1914;-0.180054;0.988297;-0.023987
1915;-0.000717;1.027313;-0.014160
1916;-0.070374;0.969925;-0.006729
1917;-0.058456;0.943878;-0.032104
1918;-0.090759;0.963684;0.072327
1919;-0.085144;1.041199;0.069214
1920;0.014282;1.125916;-0.001556
1921;0.063675;1.228333;-0.109695
1922;-0.027481;1.328064;-0.081406
1923;0.039978;1.549057;0.031174
1924;0.180405;2.025742;0.342377
1925;1.117325;2.411224;0.019348
1926;0.901215;1.802612;-0.130630
1927;-0.547653;1.570511;-0.155029
1928;-0.633804;1.268875;-0.120590
1929;-0.280457;0.192902;0.047302
1930;0.717239;0.257965;-0.159714
1931;0.111755;0.105072;-0.089783
1932;-0.201172;0.286407;0.170685
1933;0.347717;0.367981;-0.078888
1934;0.288315;0.883286;-0.051025
1935;-0.011078;1.238358;0.139191
1936;0.063080;1.867264;0.015274
1937;-0.536423;2.608078;0.318542
1938;-1.107315;2.205963;0.275757
1939;-2.378479;1.741104;0.383911
1940;-2.086472;1.514603;0.368134
1941;-0.744629;1.372162;0.698471
1942;1.841568;2.312775;0.204803
1943;-1.923370;0.012451;-0.084534
1944;0.675171;0.836487;-0.658356
1945;-0.701355;0.926529;0.314346
1946;-0.591888;0.869995;0.228561
1947;0.272858;1.125763;0.218506
1948;-0.381363;0.928802;-0.127640
1949;-0.130096;0.967361;-0.128128
1950;-0.186691;1.022354;0.054214
1951;-0.037674;1.001099;0.033203
1952;-0.066635;0.984421;0.013641
1953;-0.092148;0.979630;0.034653
1954;-0.124527;0.993622;0.114563
1955;-0.016159;1.086777;0.030457
1956;0.021057;1.161545;-0.093597
1957;0.040497;1.286484;-0.023941
1958;-0.062653;1.395279;0.073502
1959;0.023224;1.643570;0.196228
1960;0.475586;2.257751;0.118622
1961;1.270844;2.213455;-0.172424
1962;0.051865;1.857315;-0.194061
1963;-0.590683;1.312454;0.122437
1964;-0.718826;1.057404;-0.363831
1965;0.572586;-0.153671;0.098740
1966;0.332001;0.169312;-0.255371
1967;-0.102417;0.113327;0.074463
1968;0.258408;0.247375;-0.046265
1969;0.385544;0.551529;-0.102295
1970;0.122894;0.871994;0.009277
1971;-0.017593;1.312820;0.129562
1972;-0.021439;2.157913;0.101898
1973;-1.113037;2.719604;0.292709
1974;-1.300400;2.125916;0.342834
1975;-2.803146;1.430771;0.469360
1976;-1.871292;1.429672;0.579956
1977;1.709686;1.307388;0.585800
1978;-0.513260;2.229752;0.396439
1979;-0.852554;0.311371;0.084564
1980;0.913635;1.218613;-0.240860
1981;-1.012222;0.755508;0.291214
1982;-0.282837;1.060928;0.221313
1983;-0.106934;0.999420;-0.021561
1984;-0.241089;0.950989;-0.172012
1985;-0.207382;0.984467;-0.061874
1986;-0.088516;1.039398;0.046753
1987;0.032791;0.999802;-0.024643
1988;-0.023895;0.966965;-0.075211
1989;-0.080811;0.985352;0.024307
1990;-0.079742;1.026672;0.086105
1991;-0.018356;1.053253;0.045670
1992;0.077408;1.240585;-0.134323
1993;-0.032837;1.359314;-0.085281
1994;0.021591;1.564041;0.106369
1995;0.305664;2.048721;0.294662
1996;0.998871;2.370224;0.100937
1997;0.859909;1.865509;-0.167969
1998;-0.592957;1.535492;-0.176880
1999;-0.308517;1.139099;-0.096741
2000;-0.713333;0.298065;-0.134171
2001;0.644409;0.071396;-0.217148
2002;0.483902;0.134720;-0.229355
2003;-0.077972;0.353546;0.086502
2004;0.342834;0.538834;-0.059418
2005;0.246063;1.029785;0.035782
2006;-0.123047;1.389618;0.171524
2007;-0.033173;2.131287;0.158691
2008;-0.941879;2.570267;0.292908
2009;-1.260986;2.099075;0.318405
2010;-2.619263;1.488449;0.497177
2011;-1.922791;1.447632;0.642563
2012;-0.510757;1.277603;0.405350
2013;3.573685;1.668945;0.207565
2014;-3.747787;1.736786;-0.361404
2015;0.654251;0.741821;-0.164230
2016;-0.385010;0.939804;-0.189514
2017;-0.715057;0.999435;0.287445
2018;0.126251;1.119034;0.113358
2019;-0.428329;0.961243;-0.024643
2020;-0.123688;0.986679;-0.192459
2021;-0.188248;1.010468;0.076309
2022;-0.025116;1.019348;0.055954
2023;0.014038;1.005035;-0.045166
2024;-0.078415;0.963867;0.011520
2025;-0.138351;0.997360;0.120697
2026;0.025116;1.101746;-0.026108
2027;-0.033981;1.149445;-0.042587
2028;0.014954;1.243973;0.048187
2029;-0.045837;1.427109;0.017029
2030;0.028412;1.685196;0.199661
2031;0.646454;2.272522;0.116531
2032;1.253784;2.146591;-0.077209
2033;0.001266;1.751526;-0.202591
2034;-0.445374;1.067719;0.312347
2035;-0.941849;0.946167;-0.574020
2036;-0.021317;-0.099945;0.434982
2037;0.529755;0.190613;-0.224762
2038;0.049194;0.063705;-0.164612
2039;0.100052;0.272354;-0.074432
2040;0.402054;0.497726;-0.209442
2041;0.176834;0.928177;-0.051102
2042;-0.077423;1.290329;0.063492
2043;-0.024475;2.202972;0.082214
2044;-0.909088;2.746094;-0.000198
2045;-1.008942;2.295181;0.199921
2046;-2.690308;1.459610;0.623749
2047;-1.882584;1.424179;0.711670
2048;-0.089111;1.153000;0.771637
2049;1.856400;1.687988;0.221527
2050;-2.322037;0.628433;-0.211380
2051;0.837036;0.927109;-0.370071
2052;-0.569214;0.871414;0.175278
2053;-0.590424;0.941391;0.259888
2054;0.214569;1.120895;0.123474
2055;-0.407623;0.916428;-0.111374
2056;-0.149002;0.977921;-0.099213
2057;-0.184082;1.025269;0.045258
2058;-0.070740;1.014145;0.001419
2059;-0.100067;0.988998;-0.036606
2060;-0.054916;0.975342;0.015732
2061;-0.109482;1.019592;0.022476
2062;-0.024292;1.109253;-0.018661
2063;-0.050491;1.114212;-0.001526
2064;-0.016830;1.249313;-0.016647
2065;-0.057755;1.391525;-0.030991
2066;-0.007294;1.620728;0.122055
2067;0.400177;2.028198;0.159225
2068;0.994034;2.031860;0.055115
2069;0.114212;1.500839;-0.080399
2070;-0.859985;1.051010;0.227386
2071;-0.878754;0.724075;-0.213425
2072;-0.023712;-0.043564;0.322372
2073;0.617599;0.129730;-0.076614
2074;0.033798;0.065948;-0.126007
2075;-0.023148;0.332489;0.102753
2076;0.328827;0.581192;-0.030823
2077;-0.156052;1.003754;0.184891
2078;-0.631882;1.263947;0.338120
2079;-0.600174;1.687149;0.554016
2080;-1.150192;1.832443;-0.128296
2081;-0.630630;1.971298;-0.214905
2082;-0.983200;1.602325;0.116699
2083;-1.608521;1.095093;0.559341
2084;-1.152084;1.202972;0.580200
2085;2.496979;0.786438;0.404877
2086;-0.666092;2.490433;-0.493988
2087;-0.781128;0.492859;0.479828
2088;0.516342;1.145660;0.063507
2089;-0.328232;0.870377;0.175827
2090;0.184509;1.025986;-0.070938
2091;0.211914;1.013046;-0.017914
2092;-0.018494;0.943848;0.037140
2093;0.074966;1.011032;-0.030655
2094;0.101288;0.987244;-0.042999
2095;0.062408;0.979385;0.024277
2096;0.089081;1.014313;0.011337
2097;0.134766;1.015427;-0.006332
2098;0.050644;1.008621;0.020538
2099;0.064835;1.015488;-0.003448
2100;-0.012146;0.989426;0.030289
2101;-0.028198;0.976303;0.056076
2102;-0.030380;0.979218;0.047379
2103;0.017990;0.999084;0.000107
2104;-0.044876;1.000305;0.069153
2105;-0.045837;0.973907;0.014648
2106;0.013626;0.984573;0.023895
2107;0.001007;1.005356;0.035614
2108;0.005051;1.003220;0.042007
2109;-0.090149;0.961838;0.085419
2110;-0.019028;1.012009;0.068359
2111;-0.034897;1.012405;0.069473
2112;-0.039322;1.001007;0.060989
2113;-0.031509;0.996872;0.068359
2114;-0.037109;0.987656;0.089981
2115;-0.025146;1.002502;0.089355
2116;-0.022034;1.008301;0.079468
2117;-0.012146;1.008621;0.084778
2118;0.002716;1.000320;0.062866
2119;-0.012985;0.979080;0.066055
2120;0.013809;1.029022;0.083099
2121;0.007202;1.000183;0.077957
2122;0.009888;0.993301;0.064194
2123;0.059174;1.031555;0.055954
2124;0.005859;1.011398;0.112106
2125;0.039520;1.005264;0.047775
2126;0.017807;1.002945;0.074387
2127;-0.041519;0.988113;0.078598
2128;0.031570;0.997284;0.039474
2129;0.025314;1.018372;0.056808
2130;0.006287;0.999786;0.092102
2131;-0.009109;0.990067;0.075485
2132;0.059296;1.022232;0.055679
2133;0.001083;0.985901;0.092484
2134;0.019913;0.990692;0.098373
2135;0.041092;1.013153;0.068222
2136;0.026459;1.003937;0.073715
2137;-0.002563;1.000839;0.090256
2138;0.002319;1.017563;0.078094
2139;-0.015289;0.994995;0.074570
2140;-0.032425;0.974869;0.084167
2141;-0.019440;0.991211;0.085602
2142;-0.014755;1.000504;0.087265
2143;-0.031693;1.003799;0.088989
2144;-0.021057;1.005875;0.079498
2145;-0.051117;0.992508;0.070801
2146;-0.019730;1.000824;0.093903
2147;-0.007156;1.007309;0.100937
2148;0.015594;1.008728;0.087372
2149;-0.026550;0.996078;0.081146
2150;-0.021088;0.995895;0.064941
2151;-0.037277;1.002975;0.083160
2152;-0.062393;1.003708;0.090927
2153;-0.055145;1.003754;0.086990
2154;-0.072632;0.987915;0.086166
2155;-0.065659;0.999344;0.085281
2156;-0.060638;0.994431;0.088882
2157;-0.047379;0.999268;0.090561
2158;-0.040573;1.004196;0.084152
2159;-0.059433;0.990295;0.078903
2160;-0.055817;0.996399;0.077209
2161;-0.060928;1.000824;0.084946
2162;-0.049881;0.996231;0.079269
2163;-0.063629;1.000580;0.078140
2164;-0.083069;0.993820;0.079437
2165;-0.060974;0.995316;0.075653
